pmid,pt
24270187,"<PublicationTypeList>  <PublicationType UI=""D016428"">Journal Article</PublicationType>  <PublicationType UI=""D052061"">Research Support, N.I.H., Extramural</PublicationType>  <PublicationType UI=""D013485"">Research Support, Non-U.S. Gov't</PublicationType>  <PublicationType UI=""D013486"">Research Support, U.S. Gov't, Non-P.H.S.</PublicationType></PublicationTypeList>"
24270188,"<PublicationTypeList>  <PublicationType UI=""D016428"">Journal Article</PublicationType>  <PublicationType UI=""D052061"">Research Support, N.I.H., Extramural</PublicationType>  <PublicationType UI=""D013485"">Research Support, Non-U.S. Gov't</PublicationType>  <PublicationType UI=""D013486"">Research Support, U.S. Gov't, Non-P.H.S.</PublicationType></PublicationTypeList>"
24270268,"<PublicationTypeList>  <PublicationType UI=""D016428"">Journal Article</PublicationType>  <PublicationType UI=""D052061"">Research Support, N.I.H., Extramural</PublicationType>  <PublicationType UI=""D013485"">Research Support, Non-U.S. Gov't</PublicationType>  <PublicationType UI=""D013486"">Research Support, U.S. Gov't, Non-P.H.S.</PublicationType></PublicationTypeList>"
24270269,"<PublicationTypeList>  <PublicationType UI=""D016428"">Journal Article</PublicationType>  <PublicationType UI=""D052061"">Research Support, N.I.H., Extramural</PublicationType>  <PublicationType UI=""D013485"">Research Support, Non-U.S. Gov't</PublicationType>  <PublicationType UI=""D013486"">Research Support, U.S. Gov't, Non-P.H.S.</PublicationType></PublicationTypeList>"
24270270,"<PublicationTypeList>  <PublicationType UI=""D016428"">Journal Article</PublicationType>  <PublicationType UI=""D052061"">Research Support, N.I.H., Extramural</PublicationType>  <PublicationType UI=""D013485"">Research Support, Non-U.S. Gov't</PublicationType>  <PublicationType UI=""D013486"">Research Support, U.S. Gov't, Non-P.H.S.</PublicationType></PublicationTypeList>"
24270271,"<PublicationTypeList>  <PublicationType UI=""D016428"">Journal Article</PublicationType>  <PublicationType UI=""D052061"">Research Support, N.I.H., Extramural</PublicationType>  <PublicationType UI=""D013485"">Research Support, Non-U.S. Gov't</PublicationType>  <PublicationType UI=""D013486"">Research Support, U.S. Gov't, Non-P.H.S.</PublicationType></PublicationTypeList>"
24270272,"<PublicationTypeList>  <PublicationType UI=""D016428"">Journal Article</PublicationType>  <PublicationType UI=""D052061"">Research Support, N.I.H., Extramural</PublicationType>  <PublicationType UI=""D013485"">Research Support, Non-U.S. Gov't</PublicationType>  <PublicationType UI=""D013486"">Research Support, U.S. Gov't, Non-P.H.S.</PublicationType></PublicationTypeList>"
24270358,"<PublicationTypeList>  <PublicationType UI=""D016428"">Journal Article</PublicationType>  <PublicationType UI=""D052061"">Research Support, N.I.H., Extramural</PublicationType>  <PublicationType UI=""D013485"">Research Support, Non-U.S. Gov't</PublicationType>  <PublicationType UI=""D013486"">Research Support, U.S. Gov't, Non-P.H.S.</PublicationType></PublicationTypeList>"
24270359,"<PublicationTypeList>  <PublicationType UI=""D016428"">Journal Article</PublicationType>  <PublicationType UI=""D052061"">Research Support, N.I.H., Extramural</PublicationType>  <PublicationType UI=""D013485"">Research Support, Non-U.S. Gov't</PublicationType>  <PublicationType UI=""D013486"">Research Support, U.S. Gov't, Non-P.H.S.</PublicationType></PublicationTypeList>"
24270360,"<PublicationTypeList>  <PublicationType UI=""D016428"">Journal Article</PublicationType>  <PublicationType UI=""D052061"">Research Support, N.I.H., Extramural</PublicationType>  <PublicationType UI=""D013485"">Research Support, Non-U.S. Gov't</PublicationType>  <PublicationType UI=""D013486"">Research Support, U.S. Gov't, Non-P.H.S.</PublicationType></PublicationTypeList>"
24270544,"<PublicationTypeList>  <PublicationType UI=""D016428"">Journal Article</PublicationType>  <PublicationType UI=""D052061"">Research Support, N.I.H., Extramural</PublicationType>  <PublicationType UI=""D013485"">Research Support, Non-U.S. Gov't</PublicationType>  <PublicationType UI=""D013486"">Research Support, U.S. Gov't, Non-P.H.S.</PublicationType></PublicationTypeList>"
24270545,"<PublicationTypeList>  <PublicationType UI=""D016428"">Journal Article</PublicationType>  <PublicationType UI=""D052061"">Research Support, N.I.H., Extramural</PublicationType>  <PublicationType UI=""D013485"">Research Support, Non-U.S. Gov't</PublicationType>  <PublicationType UI=""D013486"">Research Support, U.S. Gov't, Non-P.H.S.</PublicationType></PublicationTypeList>"
24270546,"<PublicationTypeList>  <PublicationType UI=""D016428"">Journal Article</PublicationType>  <PublicationType UI=""D052061"">Research Support, N.I.H., Extramural</PublicationType>  <PublicationType UI=""D013485"">Research Support, Non-U.S. Gov't</PublicationType>  <PublicationType UI=""D013486"">Research Support, U.S. Gov't, Non-P.H.S.</PublicationType></PublicationTypeList>"
24270849,"<PublicationTypeList>  <PublicationType UI=""D016428"">Journal Article</PublicationType>  <PublicationType UI=""D052061"">Research Support, N.I.H., Extramural</PublicationType>  <PublicationType UI=""D013485"">Research Support, Non-U.S. Gov't</PublicationType>  <PublicationType UI=""D013486"">Research Support, U.S. Gov't, Non-P.H.S.</PublicationType></PublicationTypeList>"
24270850,"<PublicationTypeList>  <PublicationType UI=""D016428"">Journal Article</PublicationType>  <PublicationType UI=""D052061"">Research Support, N.I.H., Extramural</PublicationType>  <PublicationType UI=""D013485"">Research Support, Non-U.S. Gov't</PublicationType>  <PublicationType UI=""D013486"">Research Support, U.S. Gov't, Non-P.H.S.</PublicationType></PublicationTypeList>"
24270888,"<PublicationTypeList>  <PublicationType UI=""D016428"">Journal Article</PublicationType>  <PublicationType UI=""D052061"">Research Support, N.I.H., Extramural</PublicationType>  <PublicationType UI=""D013485"">Research Support, Non-U.S. Gov't</PublicationType>  <PublicationType UI=""D013486"">Research Support, U.S. Gov't, Non-P.H.S.</PublicationType></PublicationTypeList>"
24270889,"<PublicationTypeList>  <PublicationType UI=""D016428"">Journal Article</PublicationType>  <PublicationType UI=""D052061"">Research Support, N.I.H., Extramural</PublicationType>  <PublicationType UI=""D013485"">Research Support, Non-U.S. Gov't</PublicationType>  <PublicationType UI=""D013486"">Research Support, U.S. Gov't, Non-P.H.S.</PublicationType></PublicationTypeList>"
24270890,"<PublicationTypeList>  <PublicationType UI=""D016428"">Journal Article</PublicationType>  <PublicationType UI=""D052061"">Research Support, N.I.H., Extramural</PublicationType>  <PublicationType UI=""D013485"">Research Support, Non-U.S. Gov't</PublicationType>  <PublicationType UI=""D013486"">Research Support, U.S. Gov't, Non-P.H.S.</PublicationType></PublicationTypeList>"
24270891,"<PublicationTypeList>  <PublicationType UI=""D016428"">Journal Article</PublicationType>  <PublicationType UI=""D052061"">Research Support, N.I.H., Extramural</PublicationType>  <PublicationType UI=""D013485"">Research Support, Non-U.S. Gov't</PublicationType>  <PublicationType UI=""D013486"">Research Support, U.S. Gov't, Non-P.H.S.</PublicationType></PublicationTypeList>"
24290204,"<PublicationTypeList>  <PublicationType UI=""D016428"">Journal Article</PublicationType>  <PublicationType UI=""D052061"">Research Support, N.I.H., Extramural</PublicationType>  <PublicationType UI=""D013485"">Research Support, Non-U.S. Gov't</PublicationType>  <PublicationType UI=""D013486"">Research Support, U.S. Gov't, Non-P.H.S.</PublicationType></PublicationTypeList>"
24290205,"<PublicationTypeList>  <PublicationType UI=""D016428"">Journal Article</PublicationType>  <PublicationType UI=""D052061"">Research Support, N.I.H., Extramural</PublicationType>  <PublicationType UI=""D013485"">Research Support, Non-U.S. Gov't</PublicationType>  <PublicationType UI=""D013486"">Research Support, U.S. Gov't, Non-P.H.S.</PublicationType></PublicationTypeList>"
24291815,"<PublicationTypeList>  <PublicationType UI=""D016428"">Journal Article</PublicationType>  <PublicationType UI=""D052061"">Research Support, N.I.H., Extramural</PublicationType>  <PublicationType UI=""D013485"">Research Support, Non-U.S. Gov't</PublicationType>  <PublicationType UI=""D013486"">Research Support, U.S. Gov't, Non-P.H.S.</PublicationType></PublicationTypeList>"
24292013,"<PublicationTypeList>  <PublicationType UI=""D016428"">Journal Article</PublicationType>  <PublicationType UI=""D052061"">Research Support, N.I.H., Extramural</PublicationType>  <PublicationType UI=""D013485"">Research Support, Non-U.S. Gov't</PublicationType>  <PublicationType UI=""D013486"">Research Support, U.S. Gov't, Non-P.H.S.</PublicationType></PublicationTypeList>"
24292014,"<PublicationTypeList>  <PublicationType UI=""D016428"">Journal Article</PublicationType>  <PublicationType UI=""D052061"">Research Support, N.I.H., Extramural</PublicationType>  <PublicationType UI=""D013485"">Research Support, Non-U.S. Gov't</PublicationType>  <PublicationType UI=""D013486"">Research Support, U.S. Gov't, Non-P.H.S.</PublicationType></PublicationTypeList>"
24292068,"<PublicationTypeList>  <PublicationType UI=""D016428"">Journal Article</PublicationType>  <PublicationType UI=""D052061"">Research Support, N.I.H., Extramural</PublicationType>  <PublicationType UI=""D013485"">Research Support, Non-U.S. Gov't</PublicationType>  <PublicationType UI=""D013486"">Research Support, U.S. Gov't, Non-P.H.S.</PublicationType></PublicationTypeList>"
24292069,"<PublicationTypeList>  <PublicationType UI=""D016428"">Journal Article</PublicationType>  <PublicationType UI=""D052061"">Research Support, N.I.H., Extramural</PublicationType>  <PublicationType UI=""D013485"">Research Support, Non-U.S. Gov't</PublicationType>  <PublicationType UI=""D013486"">Research Support, U.S. Gov't, Non-P.H.S.</PublicationType></PublicationTypeList>"
24292070,"<PublicationTypeList>  <PublicationType UI=""D016428"">Journal Article</PublicationType>  <PublicationType UI=""D052061"">Research Support, N.I.H., Extramural</PublicationType>  <PublicationType UI=""D013485"">Research Support, Non-U.S. Gov't</PublicationType>  <PublicationType UI=""D013486"">Research Support, U.S. Gov't, Non-P.H.S.</PublicationType></PublicationTypeList>"
24292071,"<PublicationTypeList>  <PublicationType UI=""D016428"">Journal Article</PublicationType>  <PublicationType UI=""D052061"">Research Support, N.I.H., Extramural</PublicationType>  <PublicationType UI=""D013485"">Research Support, Non-U.S. Gov't</PublicationType>  <PublicationType UI=""D013486"">Research Support, U.S. Gov't, Non-P.H.S.</PublicationType></PublicationTypeList>"
24292073,"<PublicationTypeList>  <PublicationType UI=""D016428"">Journal Article</PublicationType>  <PublicationType UI=""D052061"">Research Support, N.I.H., Extramural</PublicationType>  <PublicationType UI=""D013485"">Research Support, Non-U.S. Gov't</PublicationType>  <PublicationType UI=""D013486"">Research Support, U.S. Gov't, Non-P.H.S.</PublicationType></PublicationTypeList>"
24292232,"<PublicationTypeList>  <PublicationType UI=""D016428"">Journal Article</PublicationType>  <PublicationType UI=""D052061"">Research Support, N.I.H., Extramural</PublicationType>  <PublicationType UI=""D013485"">Research Support, Non-U.S. Gov't</PublicationType>  <PublicationType UI=""D013486"">Research Support, U.S. Gov't, Non-P.H.S.</PublicationType></PublicationTypeList>"
24292233,"<PublicationTypeList>  <PublicationType UI=""D016428"">Journal Article</PublicationType>  <PublicationType UI=""D052061"">Research Support, N.I.H., Extramural</PublicationType>  <PublicationType UI=""D013485"">Research Support, Non-U.S. Gov't</PublicationType>  <PublicationType UI=""D013486"">Research Support, U.S. Gov't, Non-P.H.S.</PublicationType></PublicationTypeList>"
24292273,"<PublicationTypeList>  <PublicationType UI=""D016428"">Journal Article</PublicationType>  <PublicationType UI=""D052061"">Research Support, N.I.H., Extramural</PublicationType>  <PublicationType UI=""D013485"">Research Support, Non-U.S. Gov't</PublicationType>  <PublicationType UI=""D013486"">Research Support, U.S. Gov't, Non-P.H.S.</PublicationType></PublicationTypeList>"
24292274,"<PublicationTypeList>  <PublicationType UI=""D016428"">Journal Article</PublicationType>  <PublicationType UI=""D052061"">Research Support, N.I.H., Extramural</PublicationType>  <PublicationType UI=""D013485"">Research Support, Non-U.S. Gov't</PublicationType>  <PublicationType UI=""D013486"">Research Support, U.S. Gov't, Non-P.H.S.</PublicationType></PublicationTypeList>"
24292392,"<PublicationTypeList>  <PublicationType UI=""D016428"">Journal Article</PublicationType>  <PublicationType UI=""D052061"">Research Support, N.I.H., Extramural</PublicationType>  <PublicationType UI=""D013485"">Research Support, Non-U.S. Gov't</PublicationType>  <PublicationType UI=""D013486"">Research Support, U.S. Gov't, Non-P.H.S.</PublicationType></PublicationTypeList>"
24296415,"<PublicationTypeList>  <PublicationType UI=""D016428"">Journal Article</PublicationType>  <PublicationType UI=""D052061"">Research Support, N.I.H., Extramural</PublicationType>  <PublicationType UI=""D013485"">Research Support, Non-U.S. Gov't</PublicationType>  <PublicationType UI=""D013486"">Research Support, U.S. Gov't, Non-P.H.S.</PublicationType></PublicationTypeList>"
24296416,"<PublicationTypeList>  <PublicationType UI=""D016428"">Journal Article</PublicationType>  <PublicationType UI=""D052061"">Research Support, N.I.H., Extramural</PublicationType>  <PublicationType UI=""D013485"">Research Support, Non-U.S. Gov't</PublicationType>  <PublicationType UI=""D013486"">Research Support, U.S. Gov't, Non-P.H.S.</PublicationType></PublicationTypeList>"
24296417,"<PublicationTypeList>  <PublicationType UI=""D016428"">Journal Article</PublicationType>  <PublicationType UI=""D052061"">Research Support, N.I.H., Extramural</PublicationType>  <PublicationType UI=""D013485"">Research Support, Non-U.S. Gov't</PublicationType>  <PublicationType UI=""D013486"">Research Support, U.S. Gov't, Non-P.H.S.</PublicationType></PublicationTypeList>"
24296418,"<PublicationTypeList>  <PublicationType UI=""D016428"">Journal Article</PublicationType>  <PublicationType UI=""D052061"">Research Support, N.I.H., Extramural</PublicationType>  <PublicationType UI=""D013485"">Research Support, Non-U.S. Gov't</PublicationType>  <PublicationType UI=""D013486"">Research Support, U.S. Gov't, Non-P.H.S.</PublicationType></PublicationTypeList>"
24309645,"<PublicationTypeList>  <PublicationType UI=""D016428"">Journal Article</PublicationType>  <PublicationType UI=""D052061"">Research Support, N.I.H., Extramural</PublicationType>  <PublicationType UI=""D013485"">Research Support, Non-U.S. Gov't</PublicationType>  <PublicationType UI=""D013486"">Research Support, U.S. Gov't, Non-P.H.S.</PublicationType></PublicationTypeList>"
24309655,"<PublicationTypeList>  <PublicationType UI=""D016428"">Journal Article</PublicationType>  <PublicationType UI=""D052061"">Research Support, N.I.H., Extramural</PublicationType>  <PublicationType UI=""D013485"">Research Support, Non-U.S. Gov't</PublicationType>  <PublicationType UI=""D013486"">Research Support, U.S. Gov't, Non-P.H.S.</PublicationType></PublicationTypeList>"
24309656,"<PublicationTypeList>  <PublicationType UI=""D016428"">Journal Article</PublicationType>  <PublicationType UI=""D052061"">Research Support, N.I.H., Extramural</PublicationType>  <PublicationType UI=""D013485"">Research Support, Non-U.S. Gov't</PublicationType>  <PublicationType UI=""D013486"">Research Support, U.S. Gov't, Non-P.H.S.</PublicationType></PublicationTypeList>"
24309657,"<PublicationTypeList>  <PublicationType UI=""D016428"">Journal Article</PublicationType>  <PublicationType UI=""D052061"">Research Support, N.I.H., Extramural</PublicationType>  <PublicationType UI=""D013485"">Research Support, Non-U.S. Gov't</PublicationType>  <PublicationType UI=""D013486"">Research Support, U.S. Gov't, Non-P.H.S.</PublicationType></PublicationTypeList>"
24309662,"<PublicationTypeList>  <PublicationType UI=""D016428"">Journal Article</PublicationType>  <PublicationType UI=""D052061"">Research Support, N.I.H., Extramural</PublicationType>  <PublicationType UI=""D013485"">Research Support, Non-U.S. Gov't</PublicationType>  <PublicationType UI=""D013486"">Research Support, U.S. Gov't, Non-P.H.S.</PublicationType></PublicationTypeList>"
24309663,"<PublicationTypeList>  <PublicationType UI=""D016428"">Journal Article</PublicationType>  <PublicationType UI=""D052061"">Research Support, N.I.H., Extramural</PublicationType>  <PublicationType UI=""D013485"">Research Support, Non-U.S. Gov't</PublicationType>  <PublicationType UI=""D013486"">Research Support, U.S. Gov't, Non-P.H.S.</PublicationType></PublicationTypeList>"
24314721,"<PublicationTypeList>  <PublicationType UI=""D016428"">Journal Article</PublicationType>  <PublicationType UI=""D052061"">Research Support, N.I.H., Extramural</PublicationType>  <PublicationType UI=""D013485"">Research Support, Non-U.S. Gov't</PublicationType>  <PublicationType UI=""D013486"">Research Support, U.S. Gov't, Non-P.H.S.</PublicationType></PublicationTypeList>"
24314722,"<PublicationTypeList>  <PublicationType UI=""D016428"">Journal Article</PublicationType>  <PublicationType UI=""D052061"">Research Support, N.I.H., Extramural</PublicationType>  <PublicationType UI=""D013485"">Research Support, Non-U.S. Gov't</PublicationType>  <PublicationType UI=""D013486"">Research Support, U.S. Gov't, Non-P.H.S.</PublicationType></PublicationTypeList>"
24314723,"<PublicationTypeList>  <PublicationType UI=""D016428"">Journal Article</PublicationType>  <PublicationType UI=""D052061"">Research Support, N.I.H., Extramural</PublicationType>  <PublicationType UI=""D013485"">Research Support, Non-U.S. Gov't</PublicationType>  <PublicationType UI=""D013486"">Research Support, U.S. Gov't, Non-P.H.S.</PublicationType></PublicationTypeList>"
24314724,"<PublicationTypeList>  <PublicationType UI=""D016428"">Journal Article</PublicationType>  <PublicationType UI=""D052061"">Research Support, N.I.H., Extramural</PublicationType>  <PublicationType UI=""D013485"">Research Support, Non-U.S. Gov't</PublicationType>  <PublicationType UI=""D013486"">Research Support, U.S. Gov't, Non-P.H.S.</PublicationType></PublicationTypeList>"
24314725,"<PublicationTypeList>  <PublicationType UI=""D016428"">Journal Article</PublicationType>  <PublicationType UI=""D052061"">Research Support, N.I.H., Extramural</PublicationType>  <PublicationType UI=""D013485"">Research Support, Non-U.S. Gov't</PublicationType>  <PublicationType UI=""D013486"">Research Support, U.S. Gov't, Non-P.H.S.</PublicationType></PublicationTypeList>"
24314726,"<PublicationTypeList>  <PublicationType UI=""D016428"">Journal Article</PublicationType>  <PublicationType UI=""D052061"">Research Support, N.I.H., Extramural</PublicationType>  <PublicationType UI=""D013485"">Research Support, Non-U.S. Gov't</PublicationType>  <PublicationType UI=""D013486"">Research Support, U.S. Gov't, Non-P.H.S.</PublicationType></PublicationTypeList>"
24314727,"<PublicationTypeList>  <PublicationType UI=""D016428"">Journal Article</PublicationType>  <PublicationType UI=""D052061"">Research Support, N.I.H., Extramural</PublicationType>  <PublicationType UI=""D013485"">Research Support, Non-U.S. Gov't</PublicationType>  <PublicationType UI=""D013486"">Research Support, U.S. Gov't, Non-P.H.S.</PublicationType></PublicationTypeList>"
24314728,"<PublicationTypeList>  <PublicationType UI=""D016428"">Journal Article</PublicationType>  <PublicationType UI=""D052061"">Research Support, N.I.H., Extramural</PublicationType>  <PublicationType UI=""D013485"">Research Support, Non-U.S. Gov't</PublicationType>  <PublicationType UI=""D013486"">Research Support, U.S. Gov't, Non-P.H.S.</PublicationType></PublicationTypeList>"
24314729,"<PublicationTypeList>  <PublicationType UI=""D016428"">Journal Article</PublicationType>  <PublicationType UI=""D052061"">Research Support, N.I.H., Extramural</PublicationType>  <PublicationType UI=""D013485"">Research Support, Non-U.S. Gov't</PublicationType>  <PublicationType UI=""D013486"">Research Support, U.S. Gov't, Non-P.H.S.</PublicationType></PublicationTypeList>"
24314730,"<PublicationTypeList>  <PublicationType UI=""D016428"">Journal Article</PublicationType>  <PublicationType UI=""D052061"">Research Support, N.I.H., Extramural</PublicationType>  <PublicationType UI=""D013485"">Research Support, Non-U.S. Gov't</PublicationType>  <PublicationType UI=""D013486"">Research Support, U.S. Gov't, Non-P.H.S.</PublicationType></PublicationTypeList>"
24314731,"<PublicationTypeList>  <PublicationType UI=""D016428"">Journal Article</PublicationType>  <PublicationType UI=""D052061"">Research Support, N.I.H., Extramural</PublicationType>  <PublicationType UI=""D013485"">Research Support, Non-U.S. Gov't</PublicationType>  <PublicationType UI=""D013486"">Research Support, U.S. Gov't, Non-P.H.S.</PublicationType></PublicationTypeList>"
24314732,"<PublicationTypeList>  <PublicationType UI=""D016428"">Journal Article</PublicationType>  <PublicationType UI=""D052061"">Research Support, N.I.H., Extramural</PublicationType>  <PublicationType UI=""D013485"">Research Support, Non-U.S. Gov't</PublicationType>  <PublicationType UI=""D013486"">Research Support, U.S. Gov't, Non-P.H.S.</PublicationType></PublicationTypeList>"
24314733,"<PublicationTypeList>  <PublicationType UI=""D016428"">Journal Article</PublicationType>  <PublicationType UI=""D052061"">Research Support, N.I.H., Extramural</PublicationType>  <PublicationType UI=""D013485"">Research Support, Non-U.S. Gov't</PublicationType>  <PublicationType UI=""D013486"">Research Support, U.S. Gov't, Non-P.H.S.</PublicationType></PublicationTypeList>"
24315433,"<PublicationTypeList>  <PublicationType UI=""D016428"">Journal Article</PublicationType>  <PublicationType UI=""D052061"">Research Support, N.I.H., Extramural</PublicationType>  <PublicationType UI=""D013485"">Research Support, Non-U.S. Gov't</PublicationType>  <PublicationType UI=""D013486"">Research Support, U.S. Gov't, Non-P.H.S.</PublicationType></PublicationTypeList>"
24315434,"<PublicationTypeList>  <PublicationType UI=""D016428"">Journal Article</PublicationType>  <PublicationType UI=""D052061"">Research Support, N.I.H., Extramural</PublicationType>  <PublicationType UI=""D013485"">Research Support, Non-U.S. Gov't</PublicationType>  <PublicationType UI=""D013486"">Research Support, U.S. Gov't, Non-P.H.S.</PublicationType></PublicationTypeList>"
24315435,"<PublicationTypeList>  <PublicationType UI=""D016428"">Journal Article</PublicationType>  <PublicationType UI=""D052061"">Research Support, N.I.H., Extramural</PublicationType>  <PublicationType UI=""D013485"">Research Support, Non-U.S. Gov't</PublicationType>  <PublicationType UI=""D013486"">Research Support, U.S. Gov't, Non-P.H.S.</PublicationType></PublicationTypeList>"
24315436,"<PublicationTypeList>  <PublicationType UI=""D016428"">Journal Article</PublicationType>  <PublicationType UI=""D052061"">Research Support, N.I.H., Extramural</PublicationType>  <PublicationType UI=""D013485"">Research Support, Non-U.S. Gov't</PublicationType>  <PublicationType UI=""D013486"">Research Support, U.S. Gov't, Non-P.H.S.</PublicationType></PublicationTypeList>"
24315437,"<PublicationTypeList>  <PublicationType UI=""D016428"">Journal Article</PublicationType>  <PublicationType UI=""D052061"">Research Support, N.I.H., Extramural</PublicationType>  <PublicationType UI=""D013485"">Research Support, Non-U.S. Gov't</PublicationType>  <PublicationType UI=""D013486"">Research Support, U.S. Gov't, Non-P.H.S.</PublicationType></PublicationTypeList>"
24315438,"<PublicationTypeList>  <PublicationType UI=""D016428"">Journal Article</PublicationType>  <PublicationType UI=""D052061"">Research Support, N.I.H., Extramural</PublicationType>  <PublicationType UI=""D013485"">Research Support, Non-U.S. Gov't</PublicationType>  <PublicationType UI=""D013486"">Research Support, U.S. Gov't, Non-P.H.S.</PublicationType></PublicationTypeList>"
24315439,"<PublicationTypeList>  <PublicationType UI=""D016428"">Journal Article</PublicationType>  <PublicationType UI=""D052061"">Research Support, N.I.H., Extramural</PublicationType>  <PublicationType UI=""D013485"">Research Support, Non-U.S. Gov't</PublicationType>  <PublicationType UI=""D013486"">Research Support, U.S. Gov't, Non-P.H.S.</PublicationType></PublicationTypeList>"
24315440,"<PublicationTypeList>  <PublicationType UI=""D016428"">Journal Article</PublicationType>  <PublicationType UI=""D052061"">Research Support, N.I.H., Extramural</PublicationType>  <PublicationType UI=""D013485"">Research Support, Non-U.S. Gov't</PublicationType>  <PublicationType UI=""D013486"">Research Support, U.S. Gov't, Non-P.H.S.</PublicationType></PublicationTypeList>"
24315441,"<PublicationTypeList>  <PublicationType UI=""D016428"">Journal Article</PublicationType>  <PublicationType UI=""D052061"">Research Support, N.I.H., Extramural</PublicationType>  <PublicationType UI=""D013485"">Research Support, Non-U.S. Gov't</PublicationType>  <PublicationType UI=""D013486"">Research Support, U.S. Gov't, Non-P.H.S.</PublicationType></PublicationTypeList>"
24315442,"<PublicationTypeList>  <PublicationType UI=""D016428"">Journal Article</PublicationType>  <PublicationType UI=""D052061"">Research Support, N.I.H., Extramural</PublicationType>  <PublicationType UI=""D013485"">Research Support, Non-U.S. Gov't</PublicationType>  <PublicationType UI=""D013486"">Research Support, U.S. Gov't, Non-P.H.S.</PublicationType></PublicationTypeList>"
24315443,"<PublicationTypeList>  <PublicationType UI=""D016428"">Journal Article</PublicationType>  <PublicationType UI=""D052061"">Research Support, N.I.H., Extramural</PublicationType>  <PublicationType UI=""D013485"">Research Support, Non-U.S. Gov't</PublicationType>  <PublicationType UI=""D013486"">Research Support, U.S. Gov't, Non-P.H.S.</PublicationType></PublicationTypeList>"
24315444,"<PublicationTypeList>  <PublicationType UI=""D016428"">Journal Article</PublicationType>  <PublicationType UI=""D052061"">Research Support, N.I.H., Extramural</PublicationType>  <PublicationType UI=""D013485"">Research Support, Non-U.S. Gov't</PublicationType>  <PublicationType UI=""D013486"">Research Support, U.S. Gov't, Non-P.H.S.</PublicationType></PublicationTypeList>"
24316296,"<PublicationTypeList>  <PublicationType UI=""D016428"">Journal Article</PublicationType>  <PublicationType UI=""D052061"">Research Support, N.I.H., Extramural</PublicationType>  <PublicationType UI=""D013485"">Research Support, Non-U.S. Gov't</PublicationType>  <PublicationType UI=""D013486"">Research Support, U.S. Gov't, Non-P.H.S.</PublicationType></PublicationTypeList>"
24316580,"<PublicationTypeList>  <PublicationType UI=""D016428"">Journal Article</PublicationType>  <PublicationType UI=""D052061"">Research Support, N.I.H., Extramural</PublicationType>  <PublicationType UI=""D013485"">Research Support, Non-U.S. Gov't</PublicationType>  <PublicationType UI=""D013486"">Research Support, U.S. Gov't, Non-P.H.S.</PublicationType></PublicationTypeList>"
24316635,"<PublicationTypeList>  <PublicationType UI=""D016428"">Journal Article</PublicationType>  <PublicationType UI=""D052061"">Research Support, N.I.H., Extramural</PublicationType>  <PublicationType UI=""D013485"">Research Support, Non-U.S. Gov't</PublicationType>  <PublicationType UI=""D013486"">Research Support, U.S. Gov't, Non-P.H.S.</PublicationType></PublicationTypeList>"
24316644,"<PublicationTypeList>  <PublicationType UI=""D016428"">Journal Article</PublicationType>  <PublicationType UI=""D052061"">Research Support, N.I.H., Extramural</PublicationType>  <PublicationType UI=""D013485"">Research Support, Non-U.S. Gov't</PublicationType>  <PublicationType UI=""D013486"">Research Support, U.S. Gov't, Non-P.H.S.</PublicationType></PublicationTypeList>"
24316655,"<PublicationTypeList>  <PublicationType UI=""D016428"">Journal Article</PublicationType>  <PublicationType UI=""D052061"">Research Support, N.I.H., Extramural</PublicationType>  <PublicationType UI=""D013485"">Research Support, Non-U.S. Gov't</PublicationType>  <PublicationType UI=""D013486"">Research Support, U.S. Gov't, Non-P.H.S.</PublicationType></PublicationTypeList>"
24316671,"<PublicationTypeList>  <PublicationType UI=""D016428"">Journal Article</PublicationType>  <PublicationType UI=""D052061"">Research Support, N.I.H., Extramural</PublicationType>  <PublicationType UI=""D013485"">Research Support, Non-U.S. Gov't</PublicationType>  <PublicationType UI=""D013486"">Research Support, U.S. Gov't, Non-P.H.S.</PublicationType></PublicationTypeList>"
24316672,"<PublicationTypeList>  <PublicationType UI=""D016428"">Journal Article</PublicationType>  <PublicationType UI=""D052061"">Research Support, N.I.H., Extramural</PublicationType>  <PublicationType UI=""D013485"">Research Support, Non-U.S. Gov't</PublicationType>  <PublicationType UI=""D013486"">Research Support, U.S. Gov't, Non-P.H.S.</PublicationType></PublicationTypeList>"
24316673,"<PublicationTypeList>  <PublicationType UI=""D016428"">Journal Article</PublicationType>  <PublicationType UI=""D052061"">Research Support, N.I.H., Extramural</PublicationType>  <PublicationType UI=""D013485"">Research Support, Non-U.S. Gov't</PublicationType>  <PublicationType UI=""D013486"">Research Support, U.S. Gov't, Non-P.H.S.</PublicationType></PublicationTypeList>"
24316715,"<PublicationTypeList>  <PublicationType UI=""D016428"">Journal Article</PublicationType>  <PublicationType UI=""D052061"">Research Support, N.I.H., Extramural</PublicationType>  <PublicationType UI=""D013485"">Research Support, Non-U.S. Gov't</PublicationType>  <PublicationType UI=""D013486"">Research Support, U.S. Gov't, Non-P.H.S.</PublicationType></PublicationTypeList>"
24316735,"<PublicationTypeList>  <PublicationType UI=""D016428"">Journal Article</PublicationType>  <PublicationType UI=""D052061"">Research Support, N.I.H., Extramural</PublicationType>  <PublicationType UI=""D013485"">Research Support, Non-U.S. Gov't</PublicationType>  <PublicationType UI=""D013486"">Research Support, U.S. Gov't, Non-P.H.S.</PublicationType></PublicationTypeList>"
24316736,"<PublicationTypeList>  <PublicationType UI=""D016428"">Journal Article</PublicationType>  <PublicationType UI=""D052061"">Research Support, N.I.H., Extramural</PublicationType>  <PublicationType UI=""D013485"">Research Support, Non-U.S. Gov't</PublicationType>  <PublicationType UI=""D013486"">Research Support, U.S. Gov't, Non-P.H.S.</PublicationType></PublicationTypeList>"
24316737,"<PublicationTypeList>  <PublicationType UI=""D016428"">Journal Article</PublicationType>  <PublicationType UI=""D052061"">Research Support, N.I.H., Extramural</PublicationType>  <PublicationType UI=""D013485"">Research Support, Non-U.S. Gov't</PublicationType>  <PublicationType UI=""D013486"">Research Support, U.S. Gov't, Non-P.H.S.</PublicationType></PublicationTypeList>"
24316738,"<PublicationTypeList>  <PublicationType UI=""D016428"">Journal Article</PublicationType>  <PublicationType UI=""D052061"">Research Support, N.I.H., Extramural</PublicationType>  <PublicationType UI=""D013485"">Research Support, Non-U.S. Gov't</PublicationType>  <PublicationType UI=""D013486"">Research Support, U.S. Gov't, Non-P.H.S.</PublicationType></PublicationTypeList>"
24316739,"<PublicationTypeList>  <PublicationType UI=""D016428"">Journal Article</PublicationType>  <PublicationType UI=""D052061"">Research Support, N.I.H., Extramural</PublicationType>  <PublicationType UI=""D013485"">Research Support, Non-U.S. Gov't</PublicationType>  <PublicationType UI=""D013486"">Research Support, U.S. Gov't, Non-P.H.S.</PublicationType></PublicationTypeList>"
24316888,"<PublicationTypeList>  <PublicationType UI=""D016428"">Journal Article</PublicationType>  <PublicationType UI=""D052061"">Research Support, N.I.H., Extramural</PublicationType>  <PublicationType UI=""D013485"">Research Support, Non-U.S. Gov't</PublicationType>  <PublicationType UI=""D013486"">Research Support, U.S. Gov't, Non-P.H.S.</PublicationType></PublicationTypeList>"
24316889,"<PublicationTypeList>  <PublicationType UI=""D016428"">Journal Article</PublicationType>  <PublicationType UI=""D052061"">Research Support, N.I.H., Extramural</PublicationType>  <PublicationType UI=""D013485"">Research Support, Non-U.S. Gov't</PublicationType>  <PublicationType UI=""D013486"">Research Support, U.S. Gov't, Non-P.H.S.</PublicationType></PublicationTypeList>"
24316890,"<PublicationTypeList>  <PublicationType UI=""D016428"">Journal Article</PublicationType>  <PublicationType UI=""D052061"">Research Support, N.I.H., Extramural</PublicationType>  <PublicationType UI=""D013485"">Research Support, Non-U.S. Gov't</PublicationType>  <PublicationType UI=""D013486"">Research Support, U.S. Gov't, Non-P.H.S.</PublicationType></PublicationTypeList>"
24316979,"<PublicationTypeList>  <PublicationType UI=""D016428"">Journal Article</PublicationType>  <PublicationType UI=""D052061"">Research Support, N.I.H., Extramural</PublicationType>  <PublicationType UI=""D013485"">Research Support, Non-U.S. Gov't</PublicationType>  <PublicationType UI=""D013486"">Research Support, U.S. Gov't, Non-P.H.S.</PublicationType></PublicationTypeList>"
24316980,"<PublicationTypeList>  <PublicationType UI=""D016428"">Journal Article</PublicationType>  <PublicationType UI=""D052061"">Research Support, N.I.H., Extramural</PublicationType>  <PublicationType UI=""D013485"">Research Support, Non-U.S. Gov't</PublicationType>  <PublicationType UI=""D013486"">Research Support, U.S. Gov't, Non-P.H.S.</PublicationType></PublicationTypeList>"
24316981,"<PublicationTypeList>  <PublicationType UI=""D016428"">Journal Article</PublicationType>  <PublicationType UI=""D052061"">Research Support, N.I.H., Extramural</PublicationType>  <PublicationType UI=""D013485"">Research Support, Non-U.S. Gov't</PublicationType>  <PublicationType UI=""D013486"">Research Support, U.S. Gov't, Non-P.H.S.</PublicationType></PublicationTypeList>"
24316982,"<PublicationTypeList>  <PublicationType UI=""D016428"">Journal Article</PublicationType>  <PublicationType UI=""D052061"">Research Support, N.I.H., Extramural</PublicationType>  <PublicationType UI=""D013485"">Research Support, Non-U.S. Gov't</PublicationType>  <PublicationType UI=""D013486"">Research Support, U.S. Gov't, Non-P.H.S.</PublicationType></PublicationTypeList>"
24317117,"<PublicationTypeList>  <PublicationType UI=""D016428"">Journal Article</PublicationType>  <PublicationType UI=""D052061"">Research Support, N.I.H., Extramural</PublicationType>  <PublicationType UI=""D013485"">Research Support, Non-U.S. Gov't</PublicationType>  <PublicationType UI=""D013486"">Research Support, U.S. Gov't, Non-P.H.S.</PublicationType></PublicationTypeList>"
24317118,"<PublicationTypeList>  <PublicationType UI=""D016428"">Journal Article</PublicationType>  <PublicationType UI=""D052061"">Research Support, N.I.H., Extramural</PublicationType>  <PublicationType UI=""D013485"">Research Support, Non-U.S. Gov't</PublicationType>  <PublicationType UI=""D013486"">Research Support, U.S. Gov't, Non-P.H.S.</PublicationType></PublicationTypeList>"
24317119,"<PublicationTypeList>  <PublicationType UI=""D016428"">Journal Article</PublicationType>  <PublicationType UI=""D052061"">Research Support, N.I.H., Extramural</PublicationType>  <PublicationType UI=""D013485"">Research Support, Non-U.S. Gov't</PublicationType>  <PublicationType UI=""D013486"">Research Support, U.S. Gov't, Non-P.H.S.</PublicationType></PublicationTypeList>"
24317120,"<PublicationTypeList>  <PublicationType UI=""D016428"">Journal Article</PublicationType>  <PublicationType UI=""D052061"">Research Support, N.I.H., Extramural</PublicationType>  <PublicationType UI=""D013485"">Research Support, Non-U.S. Gov't</PublicationType>  <PublicationType UI=""D013486"">Research Support, U.S. Gov't, Non-P.H.S.</PublicationType></PublicationTypeList>"
24332836,"<PublicationTypeList>  <PublicationType UI=""D016428"">Journal Article</PublicationType>  <PublicationType UI=""D052061"">Research Support, N.I.H., Extramural</PublicationType>  <PublicationType UI=""D013485"">Research Support, Non-U.S. Gov't</PublicationType>  <PublicationType UI=""D013486"">Research Support, U.S. Gov't, Non-P.H.S.</PublicationType></PublicationTypeList>"
24332837,"<PublicationTypeList>  <PublicationType UI=""D016428"">Journal Article</PublicationType>  <PublicationType UI=""D052061"">Research Support, N.I.H., Extramural</PublicationType>  <PublicationType UI=""D013485"">Research Support, Non-U.S. Gov't</PublicationType>  <PublicationType UI=""D013486"">Research Support, U.S. Gov't, Non-P.H.S.</PublicationType></PublicationTypeList>"
24333053,"<PublicationTypeList>  <PublicationType UI=""D016428"">Journal Article</PublicationType>  <PublicationType UI=""D052061"">Research Support, N.I.H., Extramural</PublicationType>  <PublicationType UI=""D013485"">Research Support, Non-U.S. Gov't</PublicationType>  <PublicationType UI=""D013486"">Research Support, U.S. Gov't, Non-P.H.S.</PublicationType></PublicationTypeList>"
24333054,"<PublicationTypeList>  <PublicationType UI=""D016428"">Journal Article</PublicationType>  <PublicationType UI=""D052061"">Research Support, N.I.H., Extramural</PublicationType>  <PublicationType UI=""D013485"">Research Support, Non-U.S. Gov't</PublicationType>  <PublicationType UI=""D013486"">Research Support, U.S. Gov't, Non-P.H.S.</PublicationType></PublicationTypeList>"
24333055,"<PublicationTypeList>  <PublicationType UI=""D016428"">Journal Article</PublicationType>  <PublicationType UI=""D052061"">Research Support, N.I.H., Extramural</PublicationType>  <PublicationType UI=""D013485"">Research Support, Non-U.S. Gov't</PublicationType>  <PublicationType UI=""D013486"">Research Support, U.S. Gov't, Non-P.H.S.</PublicationType></PublicationTypeList>"
24335649,"<PublicationTypeList>  <PublicationType UI=""D016428"">Journal Article</PublicationType>  <PublicationType UI=""D052061"">Research Support, N.I.H., Extramural</PublicationType>  <PublicationType UI=""D013485"">Research Support, Non-U.S. Gov't</PublicationType>  <PublicationType UI=""D013486"">Research Support, U.S. Gov't, Non-P.H.S.</PublicationType></PublicationTypeList>"
24335650,"<PublicationTypeList>  <PublicationType UI=""D016428"">Journal Article</PublicationType>  <PublicationType UI=""D052061"">Research Support, N.I.H., Extramural</PublicationType>  <PublicationType UI=""D013485"">Research Support, Non-U.S. Gov't</PublicationType>  <PublicationType UI=""D013486"">Research Support, U.S. Gov't, Non-P.H.S.</PublicationType></PublicationTypeList>"
24335651,"<PublicationTypeList>  <PublicationType UI=""D016428"">Journal Article</PublicationType>  <PublicationType UI=""D052061"">Research Support, N.I.H., Extramural</PublicationType>  <PublicationType UI=""D013485"">Research Support, Non-U.S. Gov't</PublicationType>  <PublicationType UI=""D013486"">Research Support, U.S. Gov't, Non-P.H.S.</PublicationType></PublicationTypeList>"
24336150,"<PublicationTypeList>  <PublicationType UI=""D016428"">Journal Article</PublicationType>  <PublicationType UI=""D052061"">Research Support, N.I.H., Extramural</PublicationType>  <PublicationType UI=""D013485"">Research Support, Non-U.S. Gov't</PublicationType>  <PublicationType UI=""D013486"">Research Support, U.S. Gov't, Non-P.H.S.</PublicationType></PublicationTypeList>"
24336151,"<PublicationTypeList>  <PublicationType UI=""D016428"">Journal Article</PublicationType>  <PublicationType UI=""D052061"">Research Support, N.I.H., Extramural</PublicationType>  <PublicationType UI=""D013485"">Research Support, Non-U.S. Gov't</PublicationType>  <PublicationType UI=""D013486"">Research Support, U.S. Gov't, Non-P.H.S.</PublicationType></PublicationTypeList>"
24336167,"<PublicationTypeList>  <PublicationType UI=""D016428"">Journal Article</PublicationType>  <PublicationType UI=""D052061"">Research Support, N.I.H., Extramural</PublicationType>  <PublicationType UI=""D013485"">Research Support, Non-U.S. Gov't</PublicationType>  <PublicationType UI=""D013486"">Research Support, U.S. Gov't, Non-P.H.S.</PublicationType></PublicationTypeList>"
24336168,"<PublicationTypeList>  <PublicationType UI=""D016428"">Journal Article</PublicationType>  <PublicationType UI=""D052061"">Research Support, N.I.H., Extramural</PublicationType>  <PublicationType UI=""D013485"">Research Support, Non-U.S. Gov't</PublicationType>  <PublicationType UI=""D013486"">Research Support, U.S. Gov't, Non-P.H.S.</PublicationType></PublicationTypeList>"
24336169,"<PublicationTypeList>  <PublicationType UI=""D016428"">Journal Article</PublicationType>  <PublicationType UI=""D052061"">Research Support, N.I.H., Extramural</PublicationType>  <PublicationType UI=""D013485"">Research Support, Non-U.S. Gov't</PublicationType>  <PublicationType UI=""D013486"">Research Support, U.S. Gov't, Non-P.H.S.</PublicationType></PublicationTypeList>"
24336170,"<PublicationTypeList>  <PublicationType UI=""D016428"">Journal Article</PublicationType>  <PublicationType UI=""D052061"">Research Support, N.I.H., Extramural</PublicationType>  <PublicationType UI=""D013485"">Research Support, Non-U.S. Gov't</PublicationType>  <PublicationType UI=""D013486"">Research Support, U.S. Gov't, Non-P.H.S.</PublicationType></PublicationTypeList>"
24336247,"<PublicationTypeList>  <PublicationType UI=""D016428"">Journal Article</PublicationType>  <PublicationType UI=""D052061"">Research Support, N.I.H., Extramural</PublicationType>  <PublicationType UI=""D013485"">Research Support, Non-U.S. Gov't</PublicationType>  <PublicationType UI=""D013486"">Research Support, U.S. Gov't, Non-P.H.S.</PublicationType></PublicationTypeList>"
24336248,"<PublicationTypeList>  <PublicationType UI=""D016428"">Journal Article</PublicationType>  <PublicationType UI=""D052061"">Research Support, N.I.H., Extramural</PublicationType>  <PublicationType UI=""D013485"">Research Support, Non-U.S. Gov't</PublicationType>  <PublicationType UI=""D013486"">Research Support, U.S. Gov't, Non-P.H.S.</PublicationType></PublicationTypeList>"
24336249,"<PublicationTypeList>  <PublicationType UI=""D016428"">Journal Article</PublicationType>  <PublicationType UI=""D052061"">Research Support, N.I.H., Extramural</PublicationType>  <PublicationType UI=""D013485"">Research Support, Non-U.S. Gov't</PublicationType>  <PublicationType UI=""D013486"">Research Support, U.S. Gov't, Non-P.H.S.</PublicationType></PublicationTypeList>"
24336317,"<PublicationTypeList>  <PublicationType UI=""D016428"">Journal Article</PublicationType>  <PublicationType UI=""D052061"">Research Support, N.I.H., Extramural</PublicationType>  <PublicationType UI=""D013485"">Research Support, Non-U.S. Gov't</PublicationType>  <PublicationType UI=""D013486"">Research Support, U.S. Gov't, Non-P.H.S.</PublicationType></PublicationTypeList>"
24336318,"<PublicationTypeList>  <PublicationType UI=""D016428"">Journal Article</PublicationType>  <PublicationType UI=""D052061"">Research Support, N.I.H., Extramural</PublicationType>  <PublicationType UI=""D013485"">Research Support, Non-U.S. Gov't</PublicationType>  <PublicationType UI=""D013486"">Research Support, U.S. Gov't, Non-P.H.S.</PublicationType></PublicationTypeList>"
24346035,"<PublicationTypeList>  <PublicationType UI=""D016428"">Journal Article</PublicationType>  <PublicationType UI=""D052061"">Research Support, N.I.H., Extramural</PublicationType>  <PublicationType UI=""D013485"">Research Support, Non-U.S. Gov't</PublicationType>  <PublicationType UI=""D013486"">Research Support, U.S. Gov't, Non-P.H.S.</PublicationType></PublicationTypeList>"
24360536,"<PublicationTypeList>  <PublicationType UI=""D016428"">Journal Article</PublicationType>  <PublicationType UI=""D052061"">Research Support, N.I.H., Extramural</PublicationType>  <PublicationType UI=""D013485"">Research Support, Non-U.S. Gov't</PublicationType>  <PublicationType UI=""D013486"">Research Support, U.S. Gov't, Non-P.H.S.</PublicationType></PublicationTypeList>"
24360537,"<PublicationTypeList>  <PublicationType UI=""D016428"">Journal Article</PublicationType>  <PublicationType UI=""D052061"">Research Support, N.I.H., Extramural</PublicationType>  <PublicationType UI=""D013485"">Research Support, Non-U.S. Gov't</PublicationType>  <PublicationType UI=""D013486"">Research Support, U.S. Gov't, Non-P.H.S.</PublicationType></PublicationTypeList>"
24360538,"<PublicationTypeList>  <PublicationType UI=""D016428"">Journal Article</PublicationType>  <PublicationType UI=""D052061"">Research Support, N.I.H., Extramural</PublicationType>  <PublicationType UI=""D013485"">Research Support, Non-U.S. Gov't</PublicationType>  <PublicationType UI=""D013486"">Research Support, U.S. Gov't, Non-P.H.S.</PublicationType></PublicationTypeList>"
24360539,"<PublicationTypeList>  <PublicationType UI=""D016428"">Journal Article</PublicationType>  <PublicationType UI=""D052061"">Research Support, N.I.H., Extramural</PublicationType>  <PublicationType UI=""D013485"">Research Support, Non-U.S. Gov't</PublicationType>  <PublicationType UI=""D013486"">Research Support, U.S. Gov't, Non-P.H.S.</PublicationType></PublicationTypeList>"
24360540,"<PublicationTypeList>  <PublicationType UI=""D016428"">Journal Article</PublicationType>  <PublicationType UI=""D052061"">Research Support, N.I.H., Extramural</PublicationType>  <PublicationType UI=""D013485"">Research Support, Non-U.S. Gov't</PublicationType>  <PublicationType UI=""D013486"">Research Support, U.S. Gov't, Non-P.H.S.</PublicationType></PublicationTypeList>"
24360541,"<PublicationTypeList>  <PublicationType UI=""D016428"">Journal Article</PublicationType>  <PublicationType UI=""D052061"">Research Support, N.I.H., Extramural</PublicationType>  <PublicationType UI=""D013485"">Research Support, Non-U.S. Gov't</PublicationType>  <PublicationType UI=""D013486"">Research Support, U.S. Gov't, Non-P.H.S.</PublicationType></PublicationTypeList>"
24360542,"<PublicationTypeList>  <PublicationType UI=""D016428"">Journal Article</PublicationType>  <PublicationType UI=""D052061"">Research Support, N.I.H., Extramural</PublicationType>  <PublicationType UI=""D013485"">Research Support, Non-U.S. Gov't</PublicationType>  <PublicationType UI=""D013486"">Research Support, U.S. Gov't, Non-P.H.S.</PublicationType></PublicationTypeList>"
24360543,"<PublicationTypeList>  <PublicationType UI=""D016428"">Journal Article</PublicationType>  <PublicationType UI=""D052061"">Research Support, N.I.H., Extramural</PublicationType>  <PublicationType UI=""D013485"">Research Support, Non-U.S. Gov't</PublicationType>  <PublicationType UI=""D013486"">Research Support, U.S. Gov't, Non-P.H.S.</PublicationType></PublicationTypeList>"
24360544,"<PublicationTypeList>  <PublicationType UI=""D016428"">Journal Article</PublicationType>  <PublicationType UI=""D052061"">Research Support, N.I.H., Extramural</PublicationType>  <PublicationType UI=""D013485"">Research Support, Non-U.S. Gov't</PublicationType>  <PublicationType UI=""D013486"">Research Support, U.S. Gov't, Non-P.H.S.</PublicationType></PublicationTypeList>"
24360545,"<PublicationTypeList>  <PublicationType UI=""D016428"">Journal Article</PublicationType>  <PublicationType UI=""D052061"">Research Support, N.I.H., Extramural</PublicationType>  <PublicationType UI=""D013485"">Research Support, Non-U.S. Gov't</PublicationType>  <PublicationType UI=""D013486"">Research Support, U.S. Gov't, Non-P.H.S.</PublicationType></PublicationTypeList>"
24360546,"<PublicationTypeList>  <PublicationType UI=""D016428"">Journal Article</PublicationType>  <PublicationType UI=""D052061"">Research Support, N.I.H., Extramural</PublicationType>  <PublicationType UI=""D013485"">Research Support, Non-U.S. Gov't</PublicationType>  <PublicationType UI=""D013486"">Research Support, U.S. Gov't, Non-P.H.S.</PublicationType></PublicationTypeList>"
24360547,"<PublicationTypeList>  <PublicationType UI=""D016428"">Journal Article</PublicationType>  <PublicationType UI=""D052061"">Research Support, N.I.H., Extramural</PublicationType>  <PublicationType UI=""D013485"">Research Support, Non-U.S. Gov't</PublicationType>  <PublicationType UI=""D013486"">Research Support, U.S. Gov't, Non-P.H.S.</PublicationType></PublicationTypeList>"
24360548,"<PublicationTypeList>  <PublicationType UI=""D016428"">Journal Article</PublicationType>  <PublicationType UI=""D052061"">Research Support, N.I.H., Extramural</PublicationType>  <PublicationType UI=""D013485"">Research Support, Non-U.S. Gov't</PublicationType>  <PublicationType UI=""D013486"">Research Support, U.S. Gov't, Non-P.H.S.</PublicationType></PublicationTypeList>"
24360549,"<PublicationTypeList>  <PublicationType UI=""D016428"">Journal Article</PublicationType>  <PublicationType UI=""D052061"">Research Support, N.I.H., Extramural</PublicationType>  <PublicationType UI=""D013485"">Research Support, Non-U.S. Gov't</PublicationType>  <PublicationType UI=""D013486"">Research Support, U.S. Gov't, Non-P.H.S.</PublicationType></PublicationTypeList>"
24360550,"<PublicationTypeList>  <PublicationType UI=""D016428"">Journal Article</PublicationType>  <PublicationType UI=""D052061"">Research Support, N.I.H., Extramural</PublicationType>  <PublicationType UI=""D013485"">Research Support, Non-U.S. Gov't</PublicationType>  <PublicationType UI=""D013486"">Research Support, U.S. Gov't, Non-P.H.S.</PublicationType></PublicationTypeList>"
24360551,"<PublicationTypeList>  <PublicationType UI=""D016428"">Journal Article</PublicationType>  <PublicationType UI=""D052061"">Research Support, N.I.H., Extramural</PublicationType>  <PublicationType UI=""D013485"">Research Support, Non-U.S. Gov't</PublicationType>  <PublicationType UI=""D013486"">Research Support, U.S. Gov't, Non-P.H.S.</PublicationType></PublicationTypeList>"
24360883,"<PublicationTypeList>  <PublicationType UI=""D016428"">Journal Article</PublicationType>  <PublicationType UI=""D052061"">Research Support, N.I.H., Extramural</PublicationType>  <PublicationType UI=""D013485"">Research Support, Non-U.S. Gov't</PublicationType>  <PublicationType UI=""D013486"">Research Support, U.S. Gov't, Non-P.H.S.</PublicationType></PublicationTypeList>"
24360884,"<PublicationTypeList>  <PublicationType UI=""D016428"">Journal Article</PublicationType>  <PublicationType UI=""D052061"">Research Support, N.I.H., Extramural</PublicationType>  <PublicationType UI=""D013485"">Research Support, Non-U.S. Gov't</PublicationType>  <PublicationType UI=""D013486"">Research Support, U.S. Gov't, Non-P.H.S.</PublicationType></PublicationTypeList>"
24361076,"<PublicationTypeList>  <PublicationType UI=""D016428"">Journal Article</PublicationType>  <PublicationType UI=""D052061"">Research Support, N.I.H., Extramural</PublicationType>  <PublicationType UI=""D013485"">Research Support, Non-U.S. Gov't</PublicationType>  <PublicationType UI=""D013486"">Research Support, U.S. Gov't, Non-P.H.S.</PublicationType></PublicationTypeList>"
24361077,"<PublicationTypeList>  <PublicationType UI=""D016428"">Journal Article</PublicationType>  <PublicationType UI=""D052061"">Research Support, N.I.H., Extramural</PublicationType>  <PublicationType UI=""D013485"">Research Support, Non-U.S. Gov't</PublicationType>  <PublicationType UI=""D013486"">Research Support, U.S. Gov't, Non-P.H.S.</PublicationType></PublicationTypeList>"
24361078,"<PublicationTypeList>  <PublicationType UI=""D016428"">Journal Article</PublicationType>  <PublicationType UI=""D052061"">Research Support, N.I.H., Extramural</PublicationType>  <PublicationType UI=""D013485"">Research Support, Non-U.S. Gov't</PublicationType>  <PublicationType UI=""D013486"">Research Support, U.S. Gov't, Non-P.H.S.</PublicationType></PublicationTypeList>"
24362628,"<PublicationTypeList>  <PublicationType UI=""D016428"">Journal Article</PublicationType>  <PublicationType UI=""D052061"">Research Support, N.I.H., Extramural</PublicationType>  <PublicationType UI=""D013485"">Research Support, Non-U.S. Gov't</PublicationType>  <PublicationType UI=""D013486"">Research Support, U.S. Gov't, Non-P.H.S.</PublicationType></PublicationTypeList>"
24362629,"<PublicationTypeList>  <PublicationType UI=""D016428"">Journal Article</PublicationType>  <PublicationType UI=""D052061"">Research Support, N.I.H., Extramural</PublicationType>  <PublicationType UI=""D013485"">Research Support, Non-U.S. Gov't</PublicationType>  <PublicationType UI=""D013486"">Research Support, U.S. Gov't, Non-P.H.S.</PublicationType></PublicationTypeList>"
24362702,"<PublicationTypeList>  <PublicationType UI=""D016428"">Journal Article</PublicationType>  <PublicationType UI=""D052061"">Research Support, N.I.H., Extramural</PublicationType>  <PublicationType UI=""D013485"">Research Support, Non-U.S. Gov't</PublicationType>  <PublicationType UI=""D013486"">Research Support, U.S. Gov't, Non-P.H.S.</PublicationType></PublicationTypeList>"
24362703,"<PublicationTypeList>  <PublicationType UI=""D016428"">Journal Article</PublicationType>  <PublicationType UI=""D052061"">Research Support, N.I.H., Extramural</PublicationType>  <PublicationType UI=""D013485"">Research Support, Non-U.S. Gov't</PublicationType>  <PublicationType UI=""D013486"">Research Support, U.S. Gov't, Non-P.H.S.</PublicationType></PublicationTypeList>"
24362704,"<PublicationTypeList>  <PublicationType UI=""D016428"">Journal Article</PublicationType>  <PublicationType UI=""D052061"">Research Support, N.I.H., Extramural</PublicationType>  <PublicationType UI=""D013485"">Research Support, Non-U.S. Gov't</PublicationType>  <PublicationType UI=""D013486"">Research Support, U.S. Gov't, Non-P.H.S.</PublicationType></PublicationTypeList>"
24362705,"<PublicationTypeList>  <PublicationType UI=""D016428"">Journal Article</PublicationType>  <PublicationType UI=""D052061"">Research Support, N.I.H., Extramural</PublicationType>  <PublicationType UI=""D013485"">Research Support, Non-U.S. Gov't</PublicationType>  <PublicationType UI=""D013486"">Research Support, U.S. Gov't, Non-P.H.S.</PublicationType></PublicationTypeList>"
24362759,"<PublicationTypeList>  <PublicationType UI=""D016428"">Journal Article</PublicationType>  <PublicationType UI=""D052061"">Research Support, N.I.H., Extramural</PublicationType>  <PublicationType UI=""D013485"">Research Support, Non-U.S. Gov't</PublicationType>  <PublicationType UI=""D013486"">Research Support, U.S. Gov't, Non-P.H.S.</PublicationType></PublicationTypeList>"
24362760,"<PublicationTypeList>  <PublicationType UI=""D016428"">Journal Article</PublicationType>  <PublicationType UI=""D052061"">Research Support, N.I.H., Extramural</PublicationType>  <PublicationType UI=""D013485"">Research Support, Non-U.S. Gov't</PublicationType>  <PublicationType UI=""D013486"">Research Support, U.S. Gov't, Non-P.H.S.</PublicationType></PublicationTypeList>"
24362761,"<PublicationTypeList>  <PublicationType UI=""D016428"">Journal Article</PublicationType>  <PublicationType UI=""D052061"">Research Support, N.I.H., Extramural</PublicationType>  <PublicationType UI=""D013485"">Research Support, Non-U.S. Gov't</PublicationType>  <PublicationType UI=""D013486"">Research Support, U.S. Gov't, Non-P.H.S.</PublicationType></PublicationTypeList>"
24362762,"<PublicationTypeList>  <PublicationType UI=""D016428"">Journal Article</PublicationType>  <PublicationType UI=""D052061"">Research Support, N.I.H., Extramural</PublicationType>  <PublicationType UI=""D013485"">Research Support, Non-U.S. Gov't</PublicationType>  <PublicationType UI=""D013486"">Research Support, U.S. Gov't, Non-P.H.S.</PublicationType></PublicationTypeList>"
24362763,"<PublicationTypeList>  <PublicationType UI=""D016428"">Journal Article</PublicationType>  <PublicationType UI=""D052061"">Research Support, N.I.H., Extramural</PublicationType>  <PublicationType UI=""D013485"">Research Support, Non-U.S. Gov't</PublicationType>  <PublicationType UI=""D013486"">Research Support, U.S. Gov't, Non-P.H.S.</PublicationType></PublicationTypeList>"
24362816,"<PublicationTypeList>  <PublicationType UI=""D016428"">Journal Article</PublicationType>  <PublicationType UI=""D052061"">Research Support, N.I.H., Extramural</PublicationType>  <PublicationType UI=""D013485"">Research Support, Non-U.S. Gov't</PublicationType>  <PublicationType UI=""D013486"">Research Support, U.S. Gov't, Non-P.H.S.</PublicationType></PublicationTypeList>"
24362817,"<PublicationTypeList>  <PublicationType UI=""D016428"">Journal Article</PublicationType>  <PublicationType UI=""D052061"">Research Support, N.I.H., Extramural</PublicationType>  <PublicationType UI=""D013485"">Research Support, Non-U.S. Gov't</PublicationType>  <PublicationType UI=""D013486"">Research Support, U.S. Gov't, Non-P.H.S.</PublicationType></PublicationTypeList>"
24362818,"<PublicationTypeList>  <PublicationType UI=""D016428"">Journal Article</PublicationType>  <PublicationType UI=""D052061"">Research Support, N.I.H., Extramural</PublicationType>  <PublicationType UI=""D013485"">Research Support, Non-U.S. Gov't</PublicationType>  <PublicationType UI=""D013486"">Research Support, U.S. Gov't, Non-P.H.S.</PublicationType></PublicationTypeList>"
24362933,"<PublicationTypeList>  <PublicationType UI=""D016428"">Journal Article</PublicationType>  <PublicationType UI=""D052061"">Research Support, N.I.H., Extramural</PublicationType>  <PublicationType UI=""D013485"">Research Support, Non-U.S. Gov't</PublicationType>  <PublicationType UI=""D013486"">Research Support, U.S. Gov't, Non-P.H.S.</PublicationType></PublicationTypeList>"
24362934,"<PublicationTypeList>  <PublicationType UI=""D016428"">Journal Article</PublicationType>  <PublicationType UI=""D052061"">Research Support, N.I.H., Extramural</PublicationType>  <PublicationType UI=""D013485"">Research Support, Non-U.S. Gov't</PublicationType>  <PublicationType UI=""D013486"">Research Support, U.S. Gov't, Non-P.H.S.</PublicationType></PublicationTypeList>"
24362935,"<PublicationTypeList>  <PublicationType UI=""D016428"">Journal Article</PublicationType>  <PublicationType UI=""D052061"">Research Support, N.I.H., Extramural</PublicationType>  <PublicationType UI=""D013485"">Research Support, Non-U.S. Gov't</PublicationType>  <PublicationType UI=""D013486"">Research Support, U.S. Gov't, Non-P.H.S.</PublicationType></PublicationTypeList>"
24366029,"<PublicationTypeList>  <PublicationType UI=""D016428"">Journal Article</PublicationType>  <PublicationType UI=""D052061"">Research Support, N.I.H., Extramural</PublicationType>  <PublicationType UI=""D013485"">Research Support, Non-U.S. Gov't</PublicationType>  <PublicationType UI=""D013486"">Research Support, U.S. Gov't, Non-P.H.S.</PublicationType></PublicationTypeList>"
24366030,"<PublicationTypeList>  <PublicationType UI=""D016428"">Journal Article</PublicationType>  <PublicationType UI=""D052061"">Research Support, N.I.H., Extramural</PublicationType>  <PublicationType UI=""D013485"">Research Support, Non-U.S. Gov't</PublicationType>  <PublicationType UI=""D013486"">Research Support, U.S. Gov't, Non-P.H.S.</PublicationType></PublicationTypeList>"
24367811,"<PublicationTypeList>  <PublicationType UI=""D016428"">Journal Article</PublicationType>  <PublicationType UI=""D052061"">Research Support, N.I.H., Extramural</PublicationType>  <PublicationType UI=""D013485"">Research Support, Non-U.S. Gov't</PublicationType>  <PublicationType UI=""D013486"">Research Support, U.S. Gov't, Non-P.H.S.</PublicationType></PublicationTypeList>"
24369372,"<PublicationTypeList>  <PublicationType UI=""D016428"">Journal Article</PublicationType>  <PublicationType UI=""D052061"">Research Support, N.I.H., Extramural</PublicationType>  <PublicationType UI=""D013485"">Research Support, Non-U.S. Gov't</PublicationType>  <PublicationType UI=""D013486"">Research Support, U.S. Gov't, Non-P.H.S.</PublicationType></PublicationTypeList>"
24369373,"<PublicationTypeList>  <PublicationType UI=""D016428"">Journal Article</PublicationType>  <PublicationType UI=""D052061"">Research Support, N.I.H., Extramural</PublicationType>  <PublicationType UI=""D013485"">Research Support, Non-U.S. Gov't</PublicationType>  <PublicationType UI=""D013486"">Research Support, U.S. Gov't, Non-P.H.S.</PublicationType></PublicationTypeList>"
24373883,"<PublicationTypeList>  <PublicationType UI=""D016428"">Journal Article</PublicationType>  <PublicationType UI=""D052061"">Research Support, N.I.H., Extramural</PublicationType>  <PublicationType UI=""D013485"">Research Support, Non-U.S. Gov't</PublicationType>  <PublicationType UI=""D013486"">Research Support, U.S. Gov't, Non-P.H.S.</PublicationType></PublicationTypeList>"
24373884,"<PublicationTypeList>  <PublicationType UI=""D016428"">Journal Article</PublicationType>  <PublicationType UI=""D052061"">Research Support, N.I.H., Extramural</PublicationType>  <PublicationType UI=""D013485"">Research Support, Non-U.S. Gov't</PublicationType>  <PublicationType UI=""D013486"">Research Support, U.S. Gov't, Non-P.H.S.</PublicationType></PublicationTypeList>"
24388168,"<PublicationTypeList>  <PublicationType UI=""D016428"">Journal Article</PublicationType>  <PublicationType UI=""D052061"">Research Support, N.I.H., Extramural</PublicationType>  <PublicationType UI=""D013485"">Research Support, Non-U.S. Gov't</PublicationType>  <PublicationType UI=""D013486"">Research Support, U.S. Gov't, Non-P.H.S.</PublicationType></PublicationTypeList>"
24388169,"<PublicationTypeList>  <PublicationType UI=""D016428"">Journal Article</PublicationType>  <PublicationType UI=""D052061"">Research Support, N.I.H., Extramural</PublicationType>  <PublicationType UI=""D013485"">Research Support, Non-U.S. Gov't</PublicationType>  <PublicationType UI=""D013486"">Research Support, U.S. Gov't, Non-P.H.S.</PublicationType></PublicationTypeList>"
24388170,"<PublicationTypeList>  <PublicationType UI=""D016428"">Journal Article</PublicationType>  <PublicationType UI=""D052061"">Research Support, N.I.H., Extramural</PublicationType>  <PublicationType UI=""D013485"">Research Support, Non-U.S. Gov't</PublicationType>  <PublicationType UI=""D013486"">Research Support, U.S. Gov't, Non-P.H.S.</PublicationType></PublicationTypeList>"
24388171,"<PublicationTypeList>  <PublicationType UI=""D016428"">Journal Article</PublicationType>  <PublicationType UI=""D052061"">Research Support, N.I.H., Extramural</PublicationType>  <PublicationType UI=""D013485"">Research Support, Non-U.S. Gov't</PublicationType>  <PublicationType UI=""D013486"">Research Support, U.S. Gov't, Non-P.H.S.</PublicationType></PublicationTypeList>"
24388172,"<PublicationTypeList>  <PublicationType UI=""D016428"">Journal Article</PublicationType>  <PublicationType UI=""D052061"">Research Support, N.I.H., Extramural</PublicationType>  <PublicationType UI=""D013485"">Research Support, Non-U.S. Gov't</PublicationType>  <PublicationType UI=""D013486"">Research Support, U.S. Gov't, Non-P.H.S.</PublicationType></PublicationTypeList>"
24388173,"<PublicationTypeList>  <PublicationType UI=""D016428"">Journal Article</PublicationType>  <PublicationType UI=""D052061"">Research Support, N.I.H., Extramural</PublicationType>  <PublicationType UI=""D013485"">Research Support, Non-U.S. Gov't</PublicationType>  <PublicationType UI=""D013486"">Research Support, U.S. Gov't, Non-P.H.S.</PublicationType></PublicationTypeList>"
24388174,"<PublicationTypeList>  <PublicationType UI=""D016428"">Journal Article</PublicationType>  <PublicationType UI=""D052061"">Research Support, N.I.H., Extramural</PublicationType>  <PublicationType UI=""D013485"">Research Support, Non-U.S. Gov't</PublicationType>  <PublicationType UI=""D013486"">Research Support, U.S. Gov't, Non-P.H.S.</PublicationType></PublicationTypeList>"
24388175,"<PublicationTypeList>  <PublicationType UI=""D016428"">Journal Article</PublicationType>  <PublicationType UI=""D052061"">Research Support, N.I.H., Extramural</PublicationType>  <PublicationType UI=""D013485"">Research Support, Non-U.S. Gov't</PublicationType>  <PublicationType UI=""D013486"">Research Support, U.S. Gov't, Non-P.H.S.</PublicationType></PublicationTypeList>"
24389009,"<PublicationTypeList>  <PublicationType UI=""D016428"">Journal Article</PublicationType>  <PublicationType UI=""D052061"">Research Support, N.I.H., Extramural</PublicationType>  <PublicationType UI=""D013485"">Research Support, Non-U.S. Gov't</PublicationType>  <PublicationType UI=""D013486"">Research Support, U.S. Gov't, Non-P.H.S.</PublicationType></PublicationTypeList>"
24389010,"<PublicationTypeList>  <PublicationType UI=""D016428"">Journal Article</PublicationType>  <PublicationType UI=""D052061"">Research Support, N.I.H., Extramural</PublicationType>  <PublicationType UI=""D013485"">Research Support, Non-U.S. Gov't</PublicationType>  <PublicationType UI=""D013486"">Research Support, U.S. Gov't, Non-P.H.S.</PublicationType></PublicationTypeList>"
24390225,"<PublicationTypeList>  <PublicationType UI=""D016428"">Journal Article</PublicationType>  <PublicationType UI=""D052061"">Research Support, N.I.H., Extramural</PublicationType>  <PublicationType UI=""D013485"">Research Support, Non-U.S. Gov't</PublicationType>  <PublicationType UI=""D013486"">Research Support, U.S. Gov't, Non-P.H.S.</PublicationType></PublicationTypeList>"
24390226,"<PublicationTypeList>  <PublicationType UI=""D016428"">Journal Article</PublicationType>  <PublicationType UI=""D052061"">Research Support, N.I.H., Extramural</PublicationType>  <PublicationType UI=""D013485"">Research Support, Non-U.S. Gov't</PublicationType>  <PublicationType UI=""D013486"">Research Support, U.S. Gov't, Non-P.H.S.</PublicationType></PublicationTypeList>"
24390282,"<PublicationTypeList>  <PublicationType UI=""D016428"">Journal Article</PublicationType>  <PublicationType UI=""D052061"">Research Support, N.I.H., Extramural</PublicationType>  <PublicationType UI=""D013485"">Research Support, Non-U.S. Gov't</PublicationType>  <PublicationType UI=""D013486"">Research Support, U.S. Gov't, Non-P.H.S.</PublicationType></PublicationTypeList>"
24390283,"<PublicationTypeList>  <PublicationType UI=""D016428"">Journal Article</PublicationType>  <PublicationType UI=""D052061"">Research Support, N.I.H., Extramural</PublicationType>  <PublicationType UI=""D013485"">Research Support, Non-U.S. Gov't</PublicationType>  <PublicationType UI=""D013486"">Research Support, U.S. Gov't, Non-P.H.S.</PublicationType></PublicationTypeList>"
24390308,"<PublicationTypeList>  <PublicationType UI=""D016428"">Journal Article</PublicationType>  <PublicationType UI=""D052061"">Research Support, N.I.H., Extramural</PublicationType>  <PublicationType UI=""D013485"">Research Support, Non-U.S. Gov't</PublicationType>  <PublicationType UI=""D013486"">Research Support, U.S. Gov't, Non-P.H.S.</PublicationType></PublicationTypeList>"
24390427,"<PublicationTypeList>  <PublicationType UI=""D016428"">Journal Article</PublicationType>  <PublicationType UI=""D052061"">Research Support, N.I.H., Extramural</PublicationType>  <PublicationType UI=""D013485"">Research Support, Non-U.S. Gov't</PublicationType>  <PublicationType UI=""D013486"">Research Support, U.S. Gov't, Non-P.H.S.</PublicationType></PublicationTypeList>"
24390428,"<PublicationTypeList>  <PublicationType UI=""D016428"">Journal Article</PublicationType>  <PublicationType UI=""D052061"">Research Support, N.I.H., Extramural</PublicationType>  <PublicationType UI=""D013485"">Research Support, Non-U.S. Gov't</PublicationType>  <PublicationType UI=""D013486"">Research Support, U.S. Gov't, Non-P.H.S.</PublicationType></PublicationTypeList>"
24394384,"<PublicationTypeList>  <PublicationType UI=""D016428"">Journal Article</PublicationType>  <PublicationType UI=""D052061"">Research Support, N.I.H., Extramural</PublicationType>  <PublicationType UI=""D013485"">Research Support, Non-U.S. Gov't</PublicationType>  <PublicationType UI=""D013486"">Research Support, U.S. Gov't, Non-P.H.S.</PublicationType></PublicationTypeList>"
24398953,"<PublicationTypeList>  <PublicationType UI=""D016428"">Journal Article</PublicationType>  <PublicationType UI=""D052061"">Research Support, N.I.H., Extramural</PublicationType>  <PublicationType UI=""D013485"">Research Support, Non-U.S. Gov't</PublicationType>  <PublicationType UI=""D013486"">Research Support, U.S. Gov't, Non-P.H.S.</PublicationType></PublicationTypeList>"
24398954,"<PublicationTypeList>  <PublicationType UI=""D016428"">Journal Article</PublicationType>  <PublicationType UI=""D052061"">Research Support, N.I.H., Extramural</PublicationType>  <PublicationType UI=""D013485"">Research Support, Non-U.S. Gov't</PublicationType>  <PublicationType UI=""D013486"">Research Support, U.S. Gov't, Non-P.H.S.</PublicationType></PublicationTypeList>"
24398956,"<PublicationTypeList>  <PublicationType UI=""D016428"">Journal Article</PublicationType>  <PublicationType UI=""D052061"">Research Support, N.I.H., Extramural</PublicationType>  <PublicationType UI=""D013485"">Research Support, Non-U.S. Gov't</PublicationType>  <PublicationType UI=""D013486"">Research Support, U.S. Gov't, Non-P.H.S.</PublicationType></PublicationTypeList>"
24398957,"<PublicationTypeList>  <PublicationType UI=""D016428"">Journal Article</PublicationType>  <PublicationType UI=""D052061"">Research Support, N.I.H., Extramural</PublicationType>  <PublicationType UI=""D013485"">Research Support, Non-U.S. Gov't</PublicationType>  <PublicationType UI=""D013486"">Research Support, U.S. Gov't, Non-P.H.S.</PublicationType></PublicationTypeList>"
24398958,"<PublicationTypeList>  <PublicationType UI=""D016428"">Journal Article</PublicationType>  <PublicationType UI=""D052061"">Research Support, N.I.H., Extramural</PublicationType>  <PublicationType UI=""D013485"">Research Support, Non-U.S. Gov't</PublicationType>  <PublicationType UI=""D013486"">Research Support, U.S. Gov't, Non-P.H.S.</PublicationType></PublicationTypeList>"
24398959,"<PublicationTypeList>  <PublicationType UI=""D016428"">Journal Article</PublicationType>  <PublicationType UI=""D052061"">Research Support, N.I.H., Extramural</PublicationType>  <PublicationType UI=""D013485"">Research Support, Non-U.S. Gov't</PublicationType>  <PublicationType UI=""D013486"">Research Support, U.S. Gov't, Non-P.H.S.</PublicationType></PublicationTypeList>"
24398960,"<PublicationTypeList>  <PublicationType UI=""D016428"">Journal Article</PublicationType>  <PublicationType UI=""D052061"">Research Support, N.I.H., Extramural</PublicationType>  <PublicationType UI=""D013485"">Research Support, Non-U.S. Gov't</PublicationType>  <PublicationType UI=""D013486"">Research Support, U.S. Gov't, Non-P.H.S.</PublicationType></PublicationTypeList>"
24398961,"<PublicationTypeList>  <PublicationType UI=""D016428"">Journal Article</PublicationType>  <PublicationType UI=""D052061"">Research Support, N.I.H., Extramural</PublicationType>  <PublicationType UI=""D013485"">Research Support, Non-U.S. Gov't</PublicationType>  <PublicationType UI=""D013486"">Research Support, U.S. Gov't, Non-P.H.S.</PublicationType></PublicationTypeList>"
24398962,"<PublicationTypeList>  <PublicationType UI=""D016428"">Journal Article</PublicationType>  <PublicationType UI=""D052061"">Research Support, N.I.H., Extramural</PublicationType>  <PublicationType UI=""D013485"">Research Support, Non-U.S. Gov't</PublicationType>  <PublicationType UI=""D013486"">Research Support, U.S. Gov't, Non-P.H.S.</PublicationType></PublicationTypeList>"
24406920,"<PublicationTypeList>  <PublicationType UI=""D016428"">Journal Article</PublicationType>  <PublicationType UI=""D052061"">Research Support, N.I.H., Extramural</PublicationType>  <PublicationType UI=""D013485"">Research Support, Non-U.S. Gov't</PublicationType>  <PublicationType UI=""D013486"">Research Support, U.S. Gov't, Non-P.H.S.</PublicationType></PublicationTypeList>"
24406925,"<PublicationTypeList>  <PublicationType UI=""D016428"">Journal Article</PublicationType>  <PublicationType UI=""D052061"">Research Support, N.I.H., Extramural</PublicationType>  <PublicationType UI=""D013485"">Research Support, Non-U.S. Gov't</PublicationType>  <PublicationType UI=""D013486"">Research Support, U.S. Gov't, Non-P.H.S.</PublicationType></PublicationTypeList>"
24406926,"<PublicationTypeList>  <PublicationType UI=""D016428"">Journal Article</PublicationType>  <PublicationType UI=""D052061"">Research Support, N.I.H., Extramural</PublicationType>  <PublicationType UI=""D013485"">Research Support, Non-U.S. Gov't</PublicationType>  <PublicationType UI=""D013486"">Research Support, U.S. Gov't, Non-P.H.S.</PublicationType></PublicationTypeList>"
24406927,"<PublicationTypeList>  <PublicationType UI=""D016428"">Journal Article</PublicationType>  <PublicationType UI=""D052061"">Research Support, N.I.H., Extramural</PublicationType>  <PublicationType UI=""D013485"">Research Support, Non-U.S. Gov't</PublicationType>  <PublicationType UI=""D013486"">Research Support, U.S. Gov't, Non-P.H.S.</PublicationType></PublicationTypeList>"
24406928,"<PublicationTypeList>  <PublicationType UI=""D016428"">Journal Article</PublicationType>  <PublicationType UI=""D052061"">Research Support, N.I.H., Extramural</PublicationType>  <PublicationType UI=""D013485"">Research Support, Non-U.S. Gov't</PublicationType>  <PublicationType UI=""D013486"">Research Support, U.S. Gov't, Non-P.H.S.</PublicationType></PublicationTypeList>"
24406929,"<PublicationTypeList>  <PublicationType UI=""D016428"">Journal Article</PublicationType>  <PublicationType UI=""D052061"">Research Support, N.I.H., Extramural</PublicationType>  <PublicationType UI=""D013485"">Research Support, Non-U.S. Gov't</PublicationType>  <PublicationType UI=""D013486"">Research Support, U.S. Gov't, Non-P.H.S.</PublicationType></PublicationTypeList>"
24406934,"<PublicationTypeList>  <PublicationType UI=""D016428"">Journal Article</PublicationType>  <PublicationType UI=""D052061"">Research Support, N.I.H., Extramural</PublicationType>  <PublicationType UI=""D013485"">Research Support, Non-U.S. Gov't</PublicationType>  <PublicationType UI=""D013486"">Research Support, U.S. Gov't, Non-P.H.S.</PublicationType></PublicationTypeList>"
24406936,"<PublicationTypeList>  <PublicationType UI=""D016428"">Journal Article</PublicationType>  <PublicationType UI=""D052061"">Research Support, N.I.H., Extramural</PublicationType>  <PublicationType UI=""D013485"">Research Support, Non-U.S. Gov't</PublicationType>  <PublicationType UI=""D013486"">Research Support, U.S. Gov't, Non-P.H.S.</PublicationType></PublicationTypeList>"
24409082,"<PublicationTypeList>  <PublicationType UI=""D016428"">Journal Article</PublicationType>  <PublicationType UI=""D052061"">Research Support, N.I.H., Extramural</PublicationType>  <PublicationType UI=""D013485"">Research Support, Non-U.S. Gov't</PublicationType>  <PublicationType UI=""D013486"">Research Support, U.S. Gov't, Non-P.H.S.</PublicationType></PublicationTypeList>"
24411725,"<PublicationTypeList>  <PublicationType UI=""D016428"">Journal Article</PublicationType>  <PublicationType UI=""D052061"">Research Support, N.I.H., Extramural</PublicationType>  <PublicationType UI=""D013485"">Research Support, Non-U.S. Gov't</PublicationType>  <PublicationType UI=""D013486"">Research Support, U.S. Gov't, Non-P.H.S.</PublicationType></PublicationTypeList>"
24411726,"<PublicationTypeList>  <PublicationType UI=""D016428"">Journal Article</PublicationType>  <PublicationType UI=""D052061"">Research Support, N.I.H., Extramural</PublicationType>  <PublicationType UI=""D013485"">Research Support, Non-U.S. Gov't</PublicationType>  <PublicationType UI=""D013486"">Research Support, U.S. Gov't, Non-P.H.S.</PublicationType></PublicationTypeList>"
24411727,"<PublicationTypeList>  <PublicationType UI=""D016428"">Journal Article</PublicationType>  <PublicationType UI=""D052061"">Research Support, N.I.H., Extramural</PublicationType>  <PublicationType UI=""D013485"">Research Support, Non-U.S. Gov't</PublicationType>  <PublicationType UI=""D013486"">Research Support, U.S. Gov't, Non-P.H.S.</PublicationType></PublicationTypeList>"
24411728,"<PublicationTypeList>  <PublicationType UI=""D016428"">Journal Article</PublicationType>  <PublicationType UI=""D052061"">Research Support, N.I.H., Extramural</PublicationType>  <PublicationType UI=""D013485"">Research Support, Non-U.S. Gov't</PublicationType>  <PublicationType UI=""D013486"">Research Support, U.S. Gov't, Non-P.H.S.</PublicationType></PublicationTypeList>"
24411729,"<PublicationTypeList>  <PublicationType UI=""D016428"">Journal Article</PublicationType>  <PublicationType UI=""D052061"">Research Support, N.I.H., Extramural</PublicationType>  <PublicationType UI=""D013485"">Research Support, Non-U.S. Gov't</PublicationType>  <PublicationType UI=""D013486"">Research Support, U.S. Gov't, Non-P.H.S.</PublicationType></PublicationTypeList>"
24411730,"<PublicationTypeList>  <PublicationType UI=""D016428"">Journal Article</PublicationType>  <PublicationType UI=""D052061"">Research Support, N.I.H., Extramural</PublicationType>  <PublicationType UI=""D013485"">Research Support, Non-U.S. Gov't</PublicationType>  <PublicationType UI=""D013486"">Research Support, U.S. Gov't, Non-P.H.S.</PublicationType></PublicationTypeList>"
24411731,"<PublicationTypeList>  <PublicationType UI=""D016428"">Journal Article</PublicationType>  <PublicationType UI=""D052061"">Research Support, N.I.H., Extramural</PublicationType>  <PublicationType UI=""D013485"">Research Support, Non-U.S. Gov't</PublicationType>  <PublicationType UI=""D013486"">Research Support, U.S. Gov't, Non-P.H.S.</PublicationType></PublicationTypeList>"
24411732,"<PublicationTypeList>  <PublicationType UI=""D016428"">Journal Article</PublicationType>  <PublicationType UI=""D052061"">Research Support, N.I.H., Extramural</PublicationType>  <PublicationType UI=""D013485"">Research Support, Non-U.S. Gov't</PublicationType>  <PublicationType UI=""D013486"">Research Support, U.S. Gov't, Non-P.H.S.</PublicationType></PublicationTypeList>"
24411733,"<PublicationTypeList>  <PublicationType UI=""D016428"">Journal Article</PublicationType>  <PublicationType UI=""D052061"">Research Support, N.I.H., Extramural</PublicationType>  <PublicationType UI=""D013485"">Research Support, Non-U.S. Gov't</PublicationType>  <PublicationType UI=""D013486"">Research Support, U.S. Gov't, Non-P.H.S.</PublicationType></PublicationTypeList>"
24411734,"<PublicationTypeList>  <PublicationType UI=""D016428"">Journal Article</PublicationType>  <PublicationType UI=""D052061"">Research Support, N.I.H., Extramural</PublicationType>  <PublicationType UI=""D013485"">Research Support, Non-U.S. Gov't</PublicationType>  <PublicationType UI=""D013486"">Research Support, U.S. Gov't, Non-P.H.S.</PublicationType></PublicationTypeList>"
24411735,"<PublicationTypeList>  <PublicationType UI=""D016428"">Journal Article</PublicationType>  <PublicationType UI=""D052061"">Research Support, N.I.H., Extramural</PublicationType>  <PublicationType UI=""D013485"">Research Support, Non-U.S. Gov't</PublicationType>  <PublicationType UI=""D013486"">Research Support, U.S. Gov't, Non-P.H.S.</PublicationType></PublicationTypeList>"
24411736,"<PublicationTypeList>  <PublicationType UI=""D016428"">Journal Article</PublicationType>  <PublicationType UI=""D052061"">Research Support, N.I.H., Extramural</PublicationType>  <PublicationType UI=""D013485"">Research Support, Non-U.S. Gov't</PublicationType>  <PublicationType UI=""D013486"">Research Support, U.S. Gov't, Non-P.H.S.</PublicationType></PublicationTypeList>"
24411737,"<PublicationTypeList>  <PublicationType UI=""D016428"">Journal Article</PublicationType>  <PublicationType UI=""D052061"">Research Support, N.I.H., Extramural</PublicationType>  <PublicationType UI=""D013485"">Research Support, Non-U.S. Gov't</PublicationType>  <PublicationType UI=""D013486"">Research Support, U.S. Gov't, Non-P.H.S.</PublicationType></PublicationTypeList>"
24411738,"<PublicationTypeList>  <PublicationType UI=""D016428"">Journal Article</PublicationType>  <PublicationType UI=""D052061"">Research Support, N.I.H., Extramural</PublicationType>  <PublicationType UI=""D013485"">Research Support, Non-U.S. Gov't</PublicationType>  <PublicationType UI=""D013486"">Research Support, U.S. Gov't, Non-P.H.S.</PublicationType></PublicationTypeList>"
24411739,"<PublicationTypeList>  <PublicationType UI=""D016428"">Journal Article</PublicationType>  <PublicationType UI=""D052061"">Research Support, N.I.H., Extramural</PublicationType>  <PublicationType UI=""D013485"">Research Support, Non-U.S. Gov't</PublicationType>  <PublicationType UI=""D013486"">Research Support, U.S. Gov't, Non-P.H.S.</PublicationType></PublicationTypeList>"
24412311,"<PublicationTypeList>  <PublicationType UI=""D016428"">Journal Article</PublicationType>  <PublicationType UI=""D052061"">Research Support, N.I.H., Extramural</PublicationType>  <PublicationType UI=""D013485"">Research Support, Non-U.S. Gov't</PublicationType>  <PublicationType UI=""D013486"">Research Support, U.S. Gov't, Non-P.H.S.</PublicationType></PublicationTypeList>"
24412312,"<PublicationTypeList>  <PublicationType UI=""D016428"">Journal Article</PublicationType>  <PublicationType UI=""D052061"">Research Support, N.I.H., Extramural</PublicationType>  <PublicationType UI=""D013485"">Research Support, Non-U.S. Gov't</PublicationType>  <PublicationType UI=""D013486"">Research Support, U.S. Gov't, Non-P.H.S.</PublicationType></PublicationTypeList>"
24412417,"<PublicationTypeList>  <PublicationType UI=""D016428"">Journal Article</PublicationType>  <PublicationType UI=""D052061"">Research Support, N.I.H., Extramural</PublicationType>  <PublicationType UI=""D013485"">Research Support, Non-U.S. Gov't</PublicationType>  <PublicationType UI=""D013486"">Research Support, U.S. Gov't, Non-P.H.S.</PublicationType></PublicationTypeList>"
24412418,"<PublicationTypeList>  <PublicationType UI=""D016428"">Journal Article</PublicationType>  <PublicationType UI=""D052061"">Research Support, N.I.H., Extramural</PublicationType>  <PublicationType UI=""D013485"">Research Support, Non-U.S. Gov't</PublicationType>  <PublicationType UI=""D013486"">Research Support, U.S. Gov't, Non-P.H.S.</PublicationType></PublicationTypeList>"
24412922,"<PublicationTypeList>  <PublicationType UI=""D016428"">Journal Article</PublicationType>  <PublicationType UI=""D052061"">Research Support, N.I.H., Extramural</PublicationType>  <PublicationType UI=""D013485"">Research Support, Non-U.S. Gov't</PublicationType>  <PublicationType UI=""D013486"">Research Support, U.S. Gov't, Non-P.H.S.</PublicationType></PublicationTypeList>"
24412923,"<PublicationTypeList>  <PublicationType UI=""D016428"">Journal Article</PublicationType>  <PublicationType UI=""D052061"">Research Support, N.I.H., Extramural</PublicationType>  <PublicationType UI=""D013485"">Research Support, Non-U.S. Gov't</PublicationType>  <PublicationType UI=""D013486"">Research Support, U.S. Gov't, Non-P.H.S.</PublicationType></PublicationTypeList>"
24412924,"<PublicationTypeList>  <PublicationType UI=""D016428"">Journal Article</PublicationType>  <PublicationType UI=""D052061"">Research Support, N.I.H., Extramural</PublicationType>  <PublicationType UI=""D013485"">Research Support, Non-U.S. Gov't</PublicationType>  <PublicationType UI=""D013486"">Research Support, U.S. Gov't, Non-P.H.S.</PublicationType></PublicationTypeList>"
24412925,"<PublicationTypeList>  <PublicationType UI=""D016428"">Journal Article</PublicationType>  <PublicationType UI=""D052061"">Research Support, N.I.H., Extramural</PublicationType>  <PublicationType UI=""D013485"">Research Support, Non-U.S. Gov't</PublicationType>  <PublicationType UI=""D013486"">Research Support, U.S. Gov't, Non-P.H.S.</PublicationType></PublicationTypeList>"
24412926,"<PublicationTypeList>  <PublicationType UI=""D016428"">Journal Article</PublicationType>  <PublicationType UI=""D052061"">Research Support, N.I.H., Extramural</PublicationType>  <PublicationType UI=""D013485"">Research Support, Non-U.S. Gov't</PublicationType>  <PublicationType UI=""D013486"">Research Support, U.S. Gov't, Non-P.H.S.</PublicationType></PublicationTypeList>"
24413433,"<PublicationTypeList>  <PublicationType UI=""D016428"">Journal Article</PublicationType>  <PublicationType UI=""D052061"">Research Support, N.I.H., Extramural</PublicationType>  <PublicationType UI=""D013485"">Research Support, Non-U.S. Gov't</PublicationType>  <PublicationType UI=""D013486"">Research Support, U.S. Gov't, Non-P.H.S.</PublicationType></PublicationTypeList>"
24413434,"<PublicationTypeList>  <PublicationType UI=""D016428"">Journal Article</PublicationType>  <PublicationType UI=""D052061"">Research Support, N.I.H., Extramural</PublicationType>  <PublicationType UI=""D013485"">Research Support, Non-U.S. Gov't</PublicationType>  <PublicationType UI=""D013486"">Research Support, U.S. Gov't, Non-P.H.S.</PublicationType></PublicationTypeList>"
24413461,"<PublicationTypeList>  <PublicationType UI=""D016428"">Journal Article</PublicationType>  <PublicationType UI=""D052061"">Research Support, N.I.H., Extramural</PublicationType>  <PublicationType UI=""D013485"">Research Support, Non-U.S. Gov't</PublicationType>  <PublicationType UI=""D013486"">Research Support, U.S. Gov't, Non-P.H.S.</PublicationType></PublicationTypeList>"
24413462,"<PublicationTypeList>  <PublicationType UI=""D016428"">Journal Article</PublicationType>  <PublicationType UI=""D052061"">Research Support, N.I.H., Extramural</PublicationType>  <PublicationType UI=""D013485"">Research Support, Non-U.S. Gov't</PublicationType>  <PublicationType UI=""D013486"">Research Support, U.S. Gov't, Non-P.H.S.</PublicationType></PublicationTypeList>"
24413696,"<PublicationTypeList>  <PublicationType UI=""D016428"">Journal Article</PublicationType>  <PublicationType UI=""D052061"">Research Support, N.I.H., Extramural</PublicationType>  <PublicationType UI=""D013485"">Research Support, Non-U.S. Gov't</PublicationType>  <PublicationType UI=""D013486"">Research Support, U.S. Gov't, Non-P.H.S.</PublicationType></PublicationTypeList>"
24413697,"<PublicationTypeList>  <PublicationType UI=""D016428"">Journal Article</PublicationType>  <PublicationType UI=""D052061"">Research Support, N.I.H., Extramural</PublicationType>  <PublicationType UI=""D013485"">Research Support, Non-U.S. Gov't</PublicationType>  <PublicationType UI=""D013486"">Research Support, U.S. Gov't, Non-P.H.S.</PublicationType></PublicationTypeList>"
24413698,"<PublicationTypeList>  <PublicationType UI=""D016428"">Journal Article</PublicationType>  <PublicationType UI=""D052061"">Research Support, N.I.H., Extramural</PublicationType>  <PublicationType UI=""D013485"">Research Support, Non-U.S. Gov't</PublicationType>  <PublicationType UI=""D013486"">Research Support, U.S. Gov't, Non-P.H.S.</PublicationType></PublicationTypeList>"
24413699,"<PublicationTypeList>  <PublicationType UI=""D016428"">Journal Article</PublicationType>  <PublicationType UI=""D052061"">Research Support, N.I.H., Extramural</PublicationType>  <PublicationType UI=""D013485"">Research Support, Non-U.S. Gov't</PublicationType>  <PublicationType UI=""D013486"">Research Support, U.S. Gov't, Non-P.H.S.</PublicationType></PublicationTypeList>"
24413700,"<PublicationTypeList>  <PublicationType UI=""D016428"">Journal Article</PublicationType>  <PublicationType UI=""D052061"">Research Support, N.I.H., Extramural</PublicationType>  <PublicationType UI=""D013485"">Research Support, Non-U.S. Gov't</PublicationType>  <PublicationType UI=""D013486"">Research Support, U.S. Gov't, Non-P.H.S.</PublicationType></PublicationTypeList>"
24413732,"<PublicationTypeList>  <PublicationType UI=""D016428"">Journal Article</PublicationType>  <PublicationType UI=""D052061"">Research Support, N.I.H., Extramural</PublicationType>  <PublicationType UI=""D013485"">Research Support, Non-U.S. Gov't</PublicationType>  <PublicationType UI=""D013486"">Research Support, U.S. Gov't, Non-P.H.S.</PublicationType></PublicationTypeList>"
24413733,"<PublicationTypeList>  <PublicationType UI=""D016428"">Journal Article</PublicationType>  <PublicationType UI=""D052061"">Research Support, N.I.H., Extramural</PublicationType>  <PublicationType UI=""D013485"">Research Support, Non-U.S. Gov't</PublicationType>  <PublicationType UI=""D013486"">Research Support, U.S. Gov't, Non-P.H.S.</PublicationType></PublicationTypeList>"
24413734,"<PublicationTypeList>  <PublicationType UI=""D016428"">Journal Article</PublicationType>  <PublicationType UI=""D052061"">Research Support, N.I.H., Extramural</PublicationType>  <PublicationType UI=""D013485"">Research Support, Non-U.S. Gov't</PublicationType>  <PublicationType UI=""D013486"">Research Support, U.S. Gov't, Non-P.H.S.</PublicationType></PublicationTypeList>"
24413735,"<PublicationTypeList>  <PublicationType UI=""D016428"">Journal Article</PublicationType>  <PublicationType UI=""D052061"">Research Support, N.I.H., Extramural</PublicationType>  <PublicationType UI=""D013485"">Research Support, Non-U.S. Gov't</PublicationType>  <PublicationType UI=""D013486"">Research Support, U.S. Gov't, Non-P.H.S.</PublicationType></PublicationTypeList>"
24413736,"<PublicationTypeList>  <PublicationType UI=""D016428"">Journal Article</PublicationType>  <PublicationType UI=""D052061"">Research Support, N.I.H., Extramural</PublicationType>  <PublicationType UI=""D013485"">Research Support, Non-U.S. Gov't</PublicationType>  <PublicationType UI=""D013486"">Research Support, U.S. Gov't, Non-P.H.S.</PublicationType></PublicationTypeList>"
24413737,"<PublicationTypeList>  <PublicationType UI=""D016428"">Journal Article</PublicationType>  <PublicationType UI=""D052061"">Research Support, N.I.H., Extramural</PublicationType>  <PublicationType UI=""D013485"">Research Support, Non-U.S. Gov't</PublicationType>  <PublicationType UI=""D013486"">Research Support, U.S. Gov't, Non-P.H.S.</PublicationType></PublicationTypeList>"
24440227,"<PublicationTypeList>  <PublicationType UI=""D016428"">Journal Article</PublicationType>  <PublicationType UI=""D052061"">Research Support, N.I.H., Extramural</PublicationType>  <PublicationType UI=""D013485"">Research Support, Non-U.S. Gov't</PublicationType>  <PublicationType UI=""D013486"">Research Support, U.S. Gov't, Non-P.H.S.</PublicationType></PublicationTypeList>"
24440228,"<PublicationTypeList>  <PublicationType UI=""D016428"">Journal Article</PublicationType>  <PublicationType UI=""D052061"">Research Support, N.I.H., Extramural</PublicationType>  <PublicationType UI=""D013485"">Research Support, Non-U.S. Gov't</PublicationType>  <PublicationType UI=""D013486"">Research Support, U.S. Gov't, Non-P.H.S.</PublicationType></PublicationTypeList>"
24440599,"<PublicationTypeList>  <PublicationType UI=""D016428"">Journal Article</PublicationType>  <PublicationType UI=""D052061"">Research Support, N.I.H., Extramural</PublicationType>  <PublicationType UI=""D013485"">Research Support, Non-U.S. Gov't</PublicationType>  <PublicationType UI=""D013486"">Research Support, U.S. Gov't, Non-P.H.S.</PublicationType></PublicationTypeList>"
24440600,"<PublicationTypeList>  <PublicationType UI=""D016428"">Journal Article</PublicationType>  <PublicationType UI=""D052061"">Research Support, N.I.H., Extramural</PublicationType>  <PublicationType UI=""D013485"">Research Support, Non-U.S. Gov't</PublicationType>  <PublicationType UI=""D013486"">Research Support, U.S. Gov't, Non-P.H.S.</PublicationType></PublicationTypeList>"
24441470,"<PublicationTypeList>  <PublicationType UI=""D016428"">Journal Article</PublicationType>  <PublicationType UI=""D052061"">Research Support, N.I.H., Extramural</PublicationType>  <PublicationType UI=""D013485"">Research Support, Non-U.S. Gov't</PublicationType>  <PublicationType UI=""D013486"">Research Support, U.S. Gov't, Non-P.H.S.</PublicationType></PublicationTypeList>"
24441471,"<PublicationTypeList>  <PublicationType UI=""D016428"">Journal Article</PublicationType>  <PublicationType UI=""D052061"">Research Support, N.I.H., Extramural</PublicationType>  <PublicationType UI=""D013485"">Research Support, Non-U.S. Gov't</PublicationType>  <PublicationType UI=""D013486"">Research Support, U.S. Gov't, Non-P.H.S.</PublicationType></PublicationTypeList>"
24441473,"<PublicationTypeList>  <PublicationType UI=""D016428"">Journal Article</PublicationType>  <PublicationType UI=""D052061"">Research Support, N.I.H., Extramural</PublicationType>  <PublicationType UI=""D013485"">Research Support, Non-U.S. Gov't</PublicationType>  <PublicationType UI=""D013486"">Research Support, U.S. Gov't, Non-P.H.S.</PublicationType></PublicationTypeList>"
24441474,"<PublicationTypeList>  <PublicationType UI=""D016428"">Journal Article</PublicationType>  <PublicationType UI=""D052061"">Research Support, N.I.H., Extramural</PublicationType>  <PublicationType UI=""D013485"">Research Support, Non-U.S. Gov't</PublicationType>  <PublicationType UI=""D013486"">Research Support, U.S. Gov't, Non-P.H.S.</PublicationType></PublicationTypeList>"
24441527,"<PublicationTypeList>  <PublicationType UI=""D016428"">Journal Article</PublicationType>  <PublicationType UI=""D052061"">Research Support, N.I.H., Extramural</PublicationType>  <PublicationType UI=""D013485"">Research Support, Non-U.S. Gov't</PublicationType>  <PublicationType UI=""D013486"">Research Support, U.S. Gov't, Non-P.H.S.</PublicationType></PublicationTypeList>"
24441586,"<PublicationTypeList>  <PublicationType UI=""D016428"">Journal Article</PublicationType>  <PublicationType UI=""D052061"">Research Support, N.I.H., Extramural</PublicationType>  <PublicationType UI=""D013485"">Research Support, Non-U.S. Gov't</PublicationType>  <PublicationType UI=""D013486"">Research Support, U.S. Gov't, Non-P.H.S.</PublicationType></PublicationTypeList>"
24441587,"<PublicationTypeList>  <PublicationType UI=""D016428"">Journal Article</PublicationType>  <PublicationType UI=""D052061"">Research Support, N.I.H., Extramural</PublicationType>  <PublicationType UI=""D013485"">Research Support, Non-U.S. Gov't</PublicationType>  <PublicationType UI=""D013486"">Research Support, U.S. Gov't, Non-P.H.S.</PublicationType></PublicationTypeList>"
24441637,"<PublicationTypeList>  <PublicationType UI=""D016428"">Journal Article</PublicationType>  <PublicationType UI=""D052061"">Research Support, N.I.H., Extramural</PublicationType>  <PublicationType UI=""D013485"">Research Support, Non-U.S. Gov't</PublicationType>  <PublicationType UI=""D013486"">Research Support, U.S. Gov't, Non-P.H.S.</PublicationType></PublicationTypeList>"
24441638,"<PublicationTypeList>  <PublicationType UI=""D016428"">Journal Article</PublicationType>  <PublicationType UI=""D052061"">Research Support, N.I.H., Extramural</PublicationType>  <PublicationType UI=""D013485"">Research Support, Non-U.S. Gov't</PublicationType>  <PublicationType UI=""D013486"">Research Support, U.S. Gov't, Non-P.H.S.</PublicationType></PublicationTypeList>"
24441679,"<PublicationTypeList>  <PublicationType UI=""D016428"">Journal Article</PublicationType>  <PublicationType UI=""D052061"">Research Support, N.I.H., Extramural</PublicationType>  <PublicationType UI=""D013485"">Research Support, Non-U.S. Gov't</PublicationType>  <PublicationType UI=""D013486"">Research Support, U.S. Gov't, Non-P.H.S.</PublicationType></PublicationTypeList>"
24441680,"<PublicationTypeList>  <PublicationType UI=""D016428"">Journal Article</PublicationType>  <PublicationType UI=""D052061"">Research Support, N.I.H., Extramural</PublicationType>  <PublicationType UI=""D013485"">Research Support, Non-U.S. Gov't</PublicationType>  <PublicationType UI=""D013486"">Research Support, U.S. Gov't, Non-P.H.S.</PublicationType></PublicationTypeList>"
24441681,"<PublicationTypeList>  <PublicationType UI=""D016428"">Journal Article</PublicationType>  <PublicationType UI=""D052061"">Research Support, N.I.H., Extramural</PublicationType>  <PublicationType UI=""D013485"">Research Support, Non-U.S. Gov't</PublicationType>  <PublicationType UI=""D013486"">Research Support, U.S. Gov't, Non-P.H.S.</PublicationType></PublicationTypeList>"
24441682,"<PublicationTypeList>  <PublicationType UI=""D016428"">Journal Article</PublicationType>  <PublicationType UI=""D052061"">Research Support, N.I.H., Extramural</PublicationType>  <PublicationType UI=""D013485"">Research Support, Non-U.S. Gov't</PublicationType>  <PublicationType UI=""D013486"">Research Support, U.S. Gov't, Non-P.H.S.</PublicationType></PublicationTypeList>"
24441736,"<PublicationTypeList>  <PublicationType UI=""D016428"">Journal Article</PublicationType>  <PublicationType UI=""D052061"">Research Support, N.I.H., Extramural</PublicationType>  <PublicationType UI=""D013485"">Research Support, Non-U.S. Gov't</PublicationType>  <PublicationType UI=""D013486"">Research Support, U.S. Gov't, Non-P.H.S.</PublicationType></PublicationTypeList>"
24441737,"<PublicationTypeList>  <PublicationType UI=""D016428"">Journal Article</PublicationType>  <PublicationType UI=""D052061"">Research Support, N.I.H., Extramural</PublicationType>  <PublicationType UI=""D013485"">Research Support, Non-U.S. Gov't</PublicationType>  <PublicationType UI=""D013486"">Research Support, U.S. Gov't, Non-P.H.S.</PublicationType></PublicationTypeList>"
24441827,"<PublicationTypeList>  <PublicationType UI=""D016428"">Journal Article</PublicationType>  <PublicationType UI=""D052061"">Research Support, N.I.H., Extramural</PublicationType>  <PublicationType UI=""D013485"">Research Support, Non-U.S. Gov't</PublicationType>  <PublicationType UI=""D013486"">Research Support, U.S. Gov't, Non-P.H.S.</PublicationType></PublicationTypeList>"
24441828,"<PublicationTypeList>  <PublicationType UI=""D016428"">Journal Article</PublicationType>  <PublicationType UI=""D052061"">Research Support, N.I.H., Extramural</PublicationType>  <PublicationType UI=""D013485"">Research Support, Non-U.S. Gov't</PublicationType>  <PublicationType UI=""D013486"">Research Support, U.S. Gov't, Non-P.H.S.</PublicationType></PublicationTypeList>"
24441829,"<PublicationTypeList>  <PublicationType UI=""D016428"">Journal Article</PublicationType>  <PublicationType UI=""D052061"">Research Support, N.I.H., Extramural</PublicationType>  <PublicationType UI=""D013485"">Research Support, Non-U.S. Gov't</PublicationType>  <PublicationType UI=""D013486"">Research Support, U.S. Gov't, Non-P.H.S.</PublicationType></PublicationTypeList>"
24462039,"<PublicationTypeList>  <PublicationType UI=""D016428"">Journal Article</PublicationType>  <PublicationType UI=""D052061"">Research Support, N.I.H., Extramural</PublicationType>  <PublicationType UI=""D013485"">Research Support, Non-U.S. Gov't</PublicationType>  <PublicationType UI=""D013486"">Research Support, U.S. Gov't, Non-P.H.S.</PublicationType></PublicationTypeList>"
24462040,"<PublicationTypeList>  <PublicationType UI=""D016428"">Journal Article</PublicationType>  <PublicationType UI=""D052061"">Research Support, N.I.H., Extramural</PublicationType>  <PublicationType UI=""D013485"">Research Support, Non-U.S. Gov't</PublicationType>  <PublicationType UI=""D013486"">Research Support, U.S. Gov't, Non-P.H.S.</PublicationType></PublicationTypeList>"
24462089,"<PublicationTypeList>  <PublicationType UI=""D016428"">Journal Article</PublicationType>  <PublicationType UI=""D052061"">Research Support, N.I.H., Extramural</PublicationType>  <PublicationType UI=""D013485"">Research Support, Non-U.S. Gov't</PublicationType>  <PublicationType UI=""D013486"">Research Support, U.S. Gov't, Non-P.H.S.</PublicationType></PublicationTypeList>"
24462090,"<PublicationTypeList>  <PublicationType UI=""D016428"">Journal Article</PublicationType>  <PublicationType UI=""D052061"">Research Support, N.I.H., Extramural</PublicationType>  <PublicationType UI=""D013485"">Research Support, Non-U.S. Gov't</PublicationType>  <PublicationType UI=""D013486"">Research Support, U.S. Gov't, Non-P.H.S.</PublicationType></PublicationTypeList>"
24462091,"<PublicationTypeList>  <PublicationType UI=""D016428"">Journal Article</PublicationType>  <PublicationType UI=""D052061"">Research Support, N.I.H., Extramural</PublicationType>  <PublicationType UI=""D013485"">Research Support, Non-U.S. Gov't</PublicationType>  <PublicationType UI=""D013486"">Research Support, U.S. Gov't, Non-P.H.S.</PublicationType></PublicationTypeList>"
24462092,"<PublicationTypeList>  <PublicationType UI=""D016428"">Journal Article</PublicationType>  <PublicationType UI=""D052061"">Research Support, N.I.H., Extramural</PublicationType>  <PublicationType UI=""D013485"">Research Support, Non-U.S. Gov't</PublicationType>  <PublicationType UI=""D013486"">Research Support, U.S. Gov't, Non-P.H.S.</PublicationType></PublicationTypeList>"
24462093,"<PublicationTypeList>  <PublicationType UI=""D016428"">Journal Article</PublicationType>  <PublicationType UI=""D052061"">Research Support, N.I.H., Extramural</PublicationType>  <PublicationType UI=""D013485"">Research Support, Non-U.S. Gov't</PublicationType>  <PublicationType UI=""D013486"">Research Support, U.S. Gov't, Non-P.H.S.</PublicationType></PublicationTypeList>"
24462094,"<PublicationTypeList>  <PublicationType UI=""D016428"">Journal Article</PublicationType>  <PublicationType UI=""D052061"">Research Support, N.I.H., Extramural</PublicationType>  <PublicationType UI=""D013485"">Research Support, Non-U.S. Gov't</PublicationType>  <PublicationType UI=""D013486"">Research Support, U.S. Gov't, Non-P.H.S.</PublicationType></PublicationTypeList>"
24462095,"<PublicationTypeList>  <PublicationType UI=""D016428"">Journal Article</PublicationType>  <PublicationType UI=""D052061"">Research Support, N.I.H., Extramural</PublicationType>  <PublicationType UI=""D013485"">Research Support, Non-U.S. Gov't</PublicationType>  <PublicationType UI=""D013486"">Research Support, U.S. Gov't, Non-P.H.S.</PublicationType></PublicationTypeList>"
24462096,"<PublicationTypeList>  <PublicationType UI=""D016428"">Journal Article</PublicationType>  <PublicationType UI=""D052061"">Research Support, N.I.H., Extramural</PublicationType>  <PublicationType UI=""D013485"">Research Support, Non-U.S. Gov't</PublicationType>  <PublicationType UI=""D013486"">Research Support, U.S. Gov't, Non-P.H.S.</PublicationType></PublicationTypeList>"
24462097,"<PublicationTypeList>  <PublicationType UI=""D016428"">Journal Article</PublicationType>  <PublicationType UI=""D052061"">Research Support, N.I.H., Extramural</PublicationType>  <PublicationType UI=""D013485"">Research Support, Non-U.S. Gov't</PublicationType>  <PublicationType UI=""D013486"">Research Support, U.S. Gov't, Non-P.H.S.</PublicationType></PublicationTypeList>"
24462098,"<PublicationTypeList>  <PublicationType UI=""D016428"">Journal Article</PublicationType>  <PublicationType UI=""D052061"">Research Support, N.I.H., Extramural</PublicationType>  <PublicationType UI=""D013485"">Research Support, Non-U.S. Gov't</PublicationType>  <PublicationType UI=""D013486"">Research Support, U.S. Gov't, Non-P.H.S.</PublicationType></PublicationTypeList>"
24462099,"<PublicationTypeList>  <PublicationType UI=""D016428"">Journal Article</PublicationType>  <PublicationType UI=""D052061"">Research Support, N.I.H., Extramural</PublicationType>  <PublicationType UI=""D013485"">Research Support, Non-U.S. Gov't</PublicationType>  <PublicationType UI=""D013486"">Research Support, U.S. Gov't, Non-P.H.S.</PublicationType></PublicationTypeList>"
24462100,"<PublicationTypeList>  <PublicationType UI=""D016428"">Journal Article</PublicationType>  <PublicationType UI=""D052061"">Research Support, N.I.H., Extramural</PublicationType>  <PublicationType UI=""D013485"">Research Support, Non-U.S. Gov't</PublicationType>  <PublicationType UI=""D013486"">Research Support, U.S. Gov't, Non-P.H.S.</PublicationType></PublicationTypeList>"
24462101,"<PublicationTypeList>  <PublicationType UI=""D016428"">Journal Article</PublicationType>  <PublicationType UI=""D052061"">Research Support, N.I.H., Extramural</PublicationType>  <PublicationType UI=""D013485"">Research Support, Non-U.S. Gov't</PublicationType>  <PublicationType UI=""D013486"">Research Support, U.S. Gov't, Non-P.H.S.</PublicationType></PublicationTypeList>"
24462102,"<PublicationTypeList>  <PublicationType UI=""D016428"">Journal Article</PublicationType>  <PublicationType UI=""D052061"">Research Support, N.I.H., Extramural</PublicationType>  <PublicationType UI=""D013485"">Research Support, Non-U.S. Gov't</PublicationType>  <PublicationType UI=""D013486"">Research Support, U.S. Gov't, Non-P.H.S.</PublicationType></PublicationTypeList>"
24462103,"<PublicationTypeList>  <PublicationType UI=""D016428"">Journal Article</PublicationType>  <PublicationType UI=""D052061"">Research Support, N.I.H., Extramural</PublicationType>  <PublicationType UI=""D013485"">Research Support, Non-U.S. Gov't</PublicationType>  <PublicationType UI=""D013486"">Research Support, U.S. Gov't, Non-P.H.S.</PublicationType></PublicationTypeList>"
24462104,"<PublicationTypeList>  <PublicationType UI=""D016428"">Journal Article</PublicationType>  <PublicationType UI=""D052061"">Research Support, N.I.H., Extramural</PublicationType>  <PublicationType UI=""D013485"">Research Support, Non-U.S. Gov't</PublicationType>  <PublicationType UI=""D013486"">Research Support, U.S. Gov't, Non-P.H.S.</PublicationType></PublicationTypeList>"
24462105,"<PublicationTypeList>  <PublicationType UI=""D016428"">Journal Article</PublicationType>  <PublicationType UI=""D052061"">Research Support, N.I.H., Extramural</PublicationType>  <PublicationType UI=""D013485"">Research Support, Non-U.S. Gov't</PublicationType>  <PublicationType UI=""D013486"">Research Support, U.S. Gov't, Non-P.H.S.</PublicationType></PublicationTypeList>"
24463572,"<PublicationTypeList>  <PublicationType UI=""D016428"">Journal Article</PublicationType>  <PublicationType UI=""D052061"">Research Support, N.I.H., Extramural</PublicationType>  <PublicationType UI=""D013485"">Research Support, Non-U.S. Gov't</PublicationType>  <PublicationType UI=""D013486"">Research Support, U.S. Gov't, Non-P.H.S.</PublicationType></PublicationTypeList>"
24463573,"<PublicationTypeList>  <PublicationType UI=""D016428"">Journal Article</PublicationType>  <PublicationType UI=""D052061"">Research Support, N.I.H., Extramural</PublicationType>  <PublicationType UI=""D013485"">Research Support, Non-U.S. Gov't</PublicationType>  <PublicationType UI=""D013486"">Research Support, U.S. Gov't, Non-P.H.S.</PublicationType></PublicationTypeList>"
24463574,"<PublicationTypeList>  <PublicationType UI=""D016428"">Journal Article</PublicationType>  <PublicationType UI=""D052061"">Research Support, N.I.H., Extramural</PublicationType>  <PublicationType UI=""D013485"">Research Support, Non-U.S. Gov't</PublicationType>  <PublicationType UI=""D013486"">Research Support, U.S. Gov't, Non-P.H.S.</PublicationType></PublicationTypeList>"
24463605,"<PublicationTypeList>  <PublicationType UI=""D016428"">Journal Article</PublicationType>  <PublicationType UI=""D052061"">Research Support, N.I.H., Extramural</PublicationType>  <PublicationType UI=""D013485"">Research Support, Non-U.S. Gov't</PublicationType>  <PublicationType UI=""D013486"">Research Support, U.S. Gov't, Non-P.H.S.</PublicationType></PublicationTypeList>"
24463606,"<PublicationTypeList>  <PublicationType UI=""D016428"">Journal Article</PublicationType>  <PublicationType UI=""D052061"">Research Support, N.I.H., Extramural</PublicationType>  <PublicationType UI=""D013485"">Research Support, Non-U.S. Gov't</PublicationType>  <PublicationType UI=""D013486"">Research Support, U.S. Gov't, Non-P.H.S.</PublicationType></PublicationTypeList>"
24463698,"<PublicationTypeList>  <PublicationType UI=""D016428"">Journal Article</PublicationType>  <PublicationType UI=""D052061"">Research Support, N.I.H., Extramural</PublicationType>  <PublicationType UI=""D013485"">Research Support, Non-U.S. Gov't</PublicationType>  <PublicationType UI=""D013486"">Research Support, U.S. Gov't, Non-P.H.S.</PublicationType></PublicationTypeList>"
24464039,"<PublicationTypeList>  <PublicationType UI=""D016428"">Journal Article</PublicationType>  <PublicationType UI=""D052061"">Research Support, N.I.H., Extramural</PublicationType>  <PublicationType UI=""D013485"">Research Support, Non-U.S. Gov't</PublicationType>  <PublicationType UI=""D013486"">Research Support, U.S. Gov't, Non-P.H.S.</PublicationType></PublicationTypeList>"
24464040,"<PublicationTypeList>  <PublicationType UI=""D016428"">Journal Article</PublicationType>  <PublicationType UI=""D052061"">Research Support, N.I.H., Extramural</PublicationType>  <PublicationType UI=""D013485"">Research Support, Non-U.S. Gov't</PublicationType>  <PublicationType UI=""D013486"">Research Support, U.S. Gov't, Non-P.H.S.</PublicationType></PublicationTypeList>"
24464041,"<PublicationTypeList>  <PublicationType UI=""D016428"">Journal Article</PublicationType>  <PublicationType UI=""D052061"">Research Support, N.I.H., Extramural</PublicationType>  <PublicationType UI=""D013485"">Research Support, Non-U.S. Gov't</PublicationType>  <PublicationType UI=""D013486"">Research Support, U.S. Gov't, Non-P.H.S.</PublicationType></PublicationTypeList>"
24464042,"<PublicationTypeList>  <PublicationType UI=""D016428"">Journal Article</PublicationType>  <PublicationType UI=""D052061"">Research Support, N.I.H., Extramural</PublicationType>  <PublicationType UI=""D013485"">Research Support, Non-U.S. Gov't</PublicationType>  <PublicationType UI=""D013486"">Research Support, U.S. Gov't, Non-P.H.S.</PublicationType></PublicationTypeList>"
24464043,"<PublicationTypeList>  <PublicationType UI=""D016428"">Journal Article</PublicationType>  <PublicationType UI=""D052061"">Research Support, N.I.H., Extramural</PublicationType>  <PublicationType UI=""D013485"">Research Support, Non-U.S. Gov't</PublicationType>  <PublicationType UI=""D013486"">Research Support, U.S. Gov't, Non-P.H.S.</PublicationType></PublicationTypeList>"
24464044,"<PublicationTypeList>  <PublicationType UI=""D016428"">Journal Article</PublicationType>  <PublicationType UI=""D052061"">Research Support, N.I.H., Extramural</PublicationType>  <PublicationType UI=""D013485"">Research Support, Non-U.S. Gov't</PublicationType>  <PublicationType UI=""D013486"">Research Support, U.S. Gov't, Non-P.H.S.</PublicationType></PublicationTypeList>"
24464101,"<PublicationTypeList>  <PublicationType UI=""D016428"">Journal Article</PublicationType>  <PublicationType UI=""D052061"">Research Support, N.I.H., Extramural</PublicationType>  <PublicationType UI=""D013485"">Research Support, Non-U.S. Gov't</PublicationType>  <PublicationType UI=""D013486"">Research Support, U.S. Gov't, Non-P.H.S.</PublicationType></PublicationTypeList>"
24464186,"<PublicationTypeList>  <PublicationType UI=""D016428"">Journal Article</PublicationType>  <PublicationType UI=""D052061"">Research Support, N.I.H., Extramural</PublicationType>  <PublicationType UI=""D013485"">Research Support, Non-U.S. Gov't</PublicationType>  <PublicationType UI=""D013486"">Research Support, U.S. Gov't, Non-P.H.S.</PublicationType></PublicationTypeList>"
24464187,"<PublicationTypeList>  <PublicationType UI=""D016428"">Journal Article</PublicationType>  <PublicationType UI=""D052061"">Research Support, N.I.H., Extramural</PublicationType>  <PublicationType UI=""D013485"">Research Support, Non-U.S. Gov't</PublicationType>  <PublicationType UI=""D013486"">Research Support, U.S. Gov't, Non-P.H.S.</PublicationType></PublicationTypeList>"
24473257,"<PublicationTypeList>  <PublicationType UI=""D016428"">Journal Article</PublicationType>  <PublicationType UI=""D052061"">Research Support, N.I.H., Extramural</PublicationType>  <PublicationType UI=""D013485"">Research Support, Non-U.S. Gov't</PublicationType>  <PublicationType UI=""D013486"">Research Support, U.S. Gov't, Non-P.H.S.</PublicationType></PublicationTypeList>"
24473263,"<PublicationTypeList>  <PublicationType UI=""D016428"">Journal Article</PublicationType>  <PublicationType UI=""D052061"">Research Support, N.I.H., Extramural</PublicationType>  <PublicationType UI=""D013485"">Research Support, Non-U.S. Gov't</PublicationType>  <PublicationType UI=""D013486"">Research Support, U.S. Gov't, Non-P.H.S.</PublicationType></PublicationTypeList>"
24473264,"<PublicationTypeList>  <PublicationType UI=""D016428"">Journal Article</PublicationType>  <PublicationType UI=""D052061"">Research Support, N.I.H., Extramural</PublicationType>  <PublicationType UI=""D013485"">Research Support, Non-U.S. Gov't</PublicationType>  <PublicationType UI=""D013486"">Research Support, U.S. Gov't, Non-P.H.S.</PublicationType></PublicationTypeList>"
24473265,"<PublicationTypeList>  <PublicationType UI=""D016428"">Journal Article</PublicationType>  <PublicationType UI=""D052061"">Research Support, N.I.H., Extramural</PublicationType>  <PublicationType UI=""D013485"">Research Support, Non-U.S. Gov't</PublicationType>  <PublicationType UI=""D013486"">Research Support, U.S. Gov't, Non-P.H.S.</PublicationType></PublicationTypeList>"
24473266,"<PublicationTypeList>  <PublicationType UI=""D016428"">Journal Article</PublicationType>  <PublicationType UI=""D052061"">Research Support, N.I.H., Extramural</PublicationType>  <PublicationType UI=""D013485"">Research Support, Non-U.S. Gov't</PublicationType>  <PublicationType UI=""D013486"">Research Support, U.S. Gov't, Non-P.H.S.</PublicationType></PublicationTypeList>"
24473267,"<PublicationTypeList>  <PublicationType UI=""D016428"">Journal Article</PublicationType>  <PublicationType UI=""D052061"">Research Support, N.I.H., Extramural</PublicationType>  <PublicationType UI=""D013485"">Research Support, Non-U.S. Gov't</PublicationType>  <PublicationType UI=""D013486"">Research Support, U.S. Gov't, Non-P.H.S.</PublicationType></PublicationTypeList>"
24473320,"<PublicationTypeList>  <PublicationType UI=""D016428"">Journal Article</PublicationType>  <PublicationType UI=""D052061"">Research Support, N.I.H., Extramural</PublicationType>  <PublicationType UI=""D013485"">Research Support, Non-U.S. Gov't</PublicationType>  <PublicationType UI=""D013486"">Research Support, U.S. Gov't, Non-P.H.S.</PublicationType></PublicationTypeList>"
24473321,"<PublicationTypeList>  <PublicationType UI=""D016428"">Journal Article</PublicationType>  <PublicationType UI=""D052061"">Research Support, N.I.H., Extramural</PublicationType>  <PublicationType UI=""D013485"">Research Support, Non-U.S. Gov't</PublicationType>  <PublicationType UI=""D013486"">Research Support, U.S. Gov't, Non-P.H.S.</PublicationType></PublicationTypeList>"
24473322,"<PublicationTypeList>  <PublicationType UI=""D016428"">Journal Article</PublicationType>  <PublicationType UI=""D052061"">Research Support, N.I.H., Extramural</PublicationType>  <PublicationType UI=""D013485"">Research Support, Non-U.S. Gov't</PublicationType>  <PublicationType UI=""D013486"">Research Support, U.S. Gov't, Non-P.H.S.</PublicationType></PublicationTypeList>"
24473328,"<PublicationTypeList>  <PublicationType UI=""D016428"">Journal Article</PublicationType>  <PublicationType UI=""D052061"">Research Support, N.I.H., Extramural</PublicationType>  <PublicationType UI=""D013485"">Research Support, Non-U.S. Gov't</PublicationType>  <PublicationType UI=""D013486"">Research Support, U.S. Gov't, Non-P.H.S.</PublicationType></PublicationTypeList>"
24475471,"<PublicationTypeList>  <PublicationType UI=""D016428"">Journal Article</PublicationType>  <PublicationType UI=""D052061"">Research Support, N.I.H., Extramural</PublicationType>  <PublicationType UI=""D013485"">Research Support, Non-U.S. Gov't</PublicationType>  <PublicationType UI=""D013486"">Research Support, U.S. Gov't, Non-P.H.S.</PublicationType></PublicationTypeList>"
24481041,"<PublicationTypeList>  <PublicationType UI=""D016428"">Journal Article</PublicationType>  <PublicationType UI=""D052061"">Research Support, N.I.H., Extramural</PublicationType>  <PublicationType UI=""D013485"">Research Support, Non-U.S. Gov't</PublicationType>  <PublicationType UI=""D013486"">Research Support, U.S. Gov't, Non-P.H.S.</PublicationType></PublicationTypeList>"
24481042,"<PublicationTypeList>  <PublicationType UI=""D016428"">Journal Article</PublicationType>  <PublicationType UI=""D052061"">Research Support, N.I.H., Extramural</PublicationType>  <PublicationType UI=""D013485"">Research Support, Non-U.S. Gov't</PublicationType>  <PublicationType UI=""D013486"">Research Support, U.S. Gov't, Non-P.H.S.</PublicationType></PublicationTypeList>"
24485097,"<PublicationTypeList>  <PublicationType UI=""D016428"">Journal Article</PublicationType>  <PublicationType UI=""D052061"">Research Support, N.I.H., Extramural</PublicationType>  <PublicationType UI=""D013485"">Research Support, Non-U.S. Gov't</PublicationType>  <PublicationType UI=""D013486"">Research Support, U.S. Gov't, Non-P.H.S.</PublicationType></PublicationTypeList>"
24486086,"<PublicationTypeList>  <PublicationType UI=""D016428"">Journal Article</PublicationType>  <PublicationType UI=""D052061"">Research Support, N.I.H., Extramural</PublicationType>  <PublicationType UI=""D013485"">Research Support, Non-U.S. Gov't</PublicationType>  <PublicationType UI=""D013486"">Research Support, U.S. Gov't, Non-P.H.S.</PublicationType></PublicationTypeList>"
24486087,"<PublicationTypeList>  <PublicationType UI=""D016428"">Journal Article</PublicationType>  <PublicationType UI=""D052061"">Research Support, N.I.H., Extramural</PublicationType>  <PublicationType UI=""D013485"">Research Support, Non-U.S. Gov't</PublicationType>  <PublicationType UI=""D013486"">Research Support, U.S. Gov't, Non-P.H.S.</PublicationType></PublicationTypeList>"
24487231,"<PublicationTypeList>  <PublicationType UI=""D016428"">Journal Article</PublicationType>  <PublicationType UI=""D052061"">Research Support, N.I.H., Extramural</PublicationType>  <PublicationType UI=""D013485"">Research Support, Non-U.S. Gov't</PublicationType>  <PublicationType UI=""D013486"">Research Support, U.S. Gov't, Non-P.H.S.</PublicationType></PublicationTypeList>"
24487232,"<PublicationTypeList>  <PublicationType UI=""D016428"">Journal Article</PublicationType>  <PublicationType UI=""D052061"">Research Support, N.I.H., Extramural</PublicationType>  <PublicationType UI=""D013485"">Research Support, Non-U.S. Gov't</PublicationType>  <PublicationType UI=""D013486"">Research Support, U.S. Gov't, Non-P.H.S.</PublicationType></PublicationTypeList>"
24487233,"<PublicationTypeList>  <PublicationType UI=""D016428"">Journal Article</PublicationType>  <PublicationType UI=""D052061"">Research Support, N.I.H., Extramural</PublicationType>  <PublicationType UI=""D013485"">Research Support, Non-U.S. Gov't</PublicationType>  <PublicationType UI=""D013486"">Research Support, U.S. Gov't, Non-P.H.S.</PublicationType></PublicationTypeList>"
24487234,"<PublicationTypeList>  <PublicationType UI=""D016428"">Journal Article</PublicationType>  <PublicationType UI=""D052061"">Research Support, N.I.H., Extramural</PublicationType>  <PublicationType UI=""D013485"">Research Support, Non-U.S. Gov't</PublicationType>  <PublicationType UI=""D013486"">Research Support, U.S. Gov't, Non-P.H.S.</PublicationType></PublicationTypeList>"
24487235,"<PublicationTypeList>  <PublicationType UI=""D016428"">Journal Article</PublicationType>  <PublicationType UI=""D052061"">Research Support, N.I.H., Extramural</PublicationType>  <PublicationType UI=""D013485"">Research Support, Non-U.S. Gov't</PublicationType>  <PublicationType UI=""D013486"">Research Support, U.S. Gov't, Non-P.H.S.</PublicationType></PublicationTypeList>"
24487275,"<PublicationTypeList>  <PublicationType UI=""D016428"">Journal Article</PublicationType>  <PublicationType UI=""D052061"">Research Support, N.I.H., Extramural</PublicationType>  <PublicationType UI=""D013485"">Research Support, Non-U.S. Gov't</PublicationType>  <PublicationType UI=""D013486"">Research Support, U.S. Gov't, Non-P.H.S.</PublicationType></PublicationTypeList>"
24487276,"<PublicationTypeList>  <PublicationType UI=""D016428"">Journal Article</PublicationType>  <PublicationType UI=""D052061"">Research Support, N.I.H., Extramural</PublicationType>  <PublicationType UI=""D013485"">Research Support, Non-U.S. Gov't</PublicationType>  <PublicationType UI=""D013486"">Research Support, U.S. Gov't, Non-P.H.S.</PublicationType></PublicationTypeList>"
24487277,"<PublicationTypeList>  <PublicationType UI=""D016428"">Journal Article</PublicationType>  <PublicationType UI=""D052061"">Research Support, N.I.H., Extramural</PublicationType>  <PublicationType UI=""D013485"">Research Support, Non-U.S. Gov't</PublicationType>  <PublicationType UI=""D013486"">Research Support, U.S. Gov't, Non-P.H.S.</PublicationType></PublicationTypeList>"
24487278,"<PublicationTypeList>  <PublicationType UI=""D016428"">Journal Article</PublicationType>  <PublicationType UI=""D052061"">Research Support, N.I.H., Extramural</PublicationType>  <PublicationType UI=""D013485"">Research Support, Non-U.S. Gov't</PublicationType>  <PublicationType UI=""D013486"">Research Support, U.S. Gov't, Non-P.H.S.</PublicationType></PublicationTypeList>"
24487433,"<PublicationTypeList>  <PublicationType UI=""D016428"">Journal Article</PublicationType>  <PublicationType UI=""D052061"">Research Support, N.I.H., Extramural</PublicationType>  <PublicationType UI=""D013485"">Research Support, Non-U.S. Gov't</PublicationType>  <PublicationType UI=""D013486"">Research Support, U.S. Gov't, Non-P.H.S.</PublicationType></PublicationTypeList>"
24487434,"<PublicationTypeList>  <PublicationType UI=""D016428"">Journal Article</PublicationType>  <PublicationType UI=""D052061"">Research Support, N.I.H., Extramural</PublicationType>  <PublicationType UI=""D013485"">Research Support, Non-U.S. Gov't</PublicationType>  <PublicationType UI=""D013486"">Research Support, U.S. Gov't, Non-P.H.S.</PublicationType></PublicationTypeList>"
24487692,"<PublicationTypeList>  <PublicationType UI=""D016428"">Journal Article</PublicationType>  <PublicationType UI=""D052061"">Research Support, N.I.H., Extramural</PublicationType>  <PublicationType UI=""D013485"">Research Support, Non-U.S. Gov't</PublicationType>  <PublicationType UI=""D013486"">Research Support, U.S. Gov't, Non-P.H.S.</PublicationType></PublicationTypeList>"
24487693,"<PublicationTypeList>  <PublicationType UI=""D016428"">Journal Article</PublicationType>  <PublicationType UI=""D052061"">Research Support, N.I.H., Extramural</PublicationType>  <PublicationType UI=""D013485"">Research Support, Non-U.S. Gov't</PublicationType>  <PublicationType UI=""D013486"">Research Support, U.S. Gov't, Non-P.H.S.</PublicationType></PublicationTypeList>"
24487694,"<PublicationTypeList>  <PublicationType UI=""D016428"">Journal Article</PublicationType>  <PublicationType UI=""D052061"">Research Support, N.I.H., Extramural</PublicationType>  <PublicationType UI=""D013485"">Research Support, Non-U.S. Gov't</PublicationType>  <PublicationType UI=""D013486"">Research Support, U.S. Gov't, Non-P.H.S.</PublicationType></PublicationTypeList>"
24504399,"<PublicationTypeList>  <PublicationType UI=""D016428"">Journal Article</PublicationType>  <PublicationType UI=""D052061"">Research Support, N.I.H., Extramural</PublicationType>  <PublicationType UI=""D013485"">Research Support, Non-U.S. Gov't</PublicationType>  <PublicationType UI=""D013486"">Research Support, U.S. Gov't, Non-P.H.S.</PublicationType></PublicationTypeList>"
24504404,"<PublicationTypeList>  <PublicationType UI=""D016428"">Journal Article</PublicationType>  <PublicationType UI=""D052061"">Research Support, N.I.H., Extramural</PublicationType>  <PublicationType UI=""D013485"">Research Support, Non-U.S. Gov't</PublicationType>  <PublicationType UI=""D013486"">Research Support, U.S. Gov't, Non-P.H.S.</PublicationType></PublicationTypeList>"
24504409,"<PublicationTypeList>  <PublicationType UI=""D016428"">Journal Article</PublicationType>  <PublicationType UI=""D052061"">Research Support, N.I.H., Extramural</PublicationType>  <PublicationType UI=""D013485"">Research Support, Non-U.S. Gov't</PublicationType>  <PublicationType UI=""D013486"">Research Support, U.S. Gov't, Non-P.H.S.</PublicationType></PublicationTypeList>"
24506876,"<PublicationTypeList>  <PublicationType UI=""D016428"">Journal Article</PublicationType>  <PublicationType UI=""D052061"">Research Support, N.I.H., Extramural</PublicationType>  <PublicationType UI=""D013485"">Research Support, Non-U.S. Gov't</PublicationType>  <PublicationType UI=""D013486"">Research Support, U.S. Gov't, Non-P.H.S.</PublicationType></PublicationTypeList>"
24506877,"<PublicationTypeList>  <PublicationType UI=""D016428"">Journal Article</PublicationType>  <PublicationType UI=""D052061"">Research Support, N.I.H., Extramural</PublicationType>  <PublicationType UI=""D013485"">Research Support, Non-U.S. Gov't</PublicationType>  <PublicationType UI=""D013486"">Research Support, U.S. Gov't, Non-P.H.S.</PublicationType></PublicationTypeList>"
24506878,"<PublicationTypeList>  <PublicationType UI=""D016428"">Journal Article</PublicationType>  <PublicationType UI=""D052061"">Research Support, N.I.H., Extramural</PublicationType>  <PublicationType UI=""D013485"">Research Support, Non-U.S. Gov't</PublicationType>  <PublicationType UI=""D013486"">Research Support, U.S. Gov't, Non-P.H.S.</PublicationType></PublicationTypeList>"
24506879,"<PublicationTypeList>  <PublicationType UI=""D016428"">Journal Article</PublicationType>  <PublicationType UI=""D052061"">Research Support, N.I.H., Extramural</PublicationType>  <PublicationType UI=""D013485"">Research Support, Non-U.S. Gov't</PublicationType>  <PublicationType UI=""D013486"">Research Support, U.S. Gov't, Non-P.H.S.</PublicationType></PublicationTypeList>"
24506881,"<PublicationTypeList>  <PublicationType UI=""D016428"">Journal Article</PublicationType>  <PublicationType UI=""D052061"">Research Support, N.I.H., Extramural</PublicationType>  <PublicationType UI=""D013485"">Research Support, Non-U.S. Gov't</PublicationType>  <PublicationType UI=""D013486"">Research Support, U.S. Gov't, Non-P.H.S.</PublicationType></PublicationTypeList>"
24506882,"<PublicationTypeList>  <PublicationType UI=""D016428"">Journal Article</PublicationType>  <PublicationType UI=""D052061"">Research Support, N.I.H., Extramural</PublicationType>  <PublicationType UI=""D013485"">Research Support, Non-U.S. Gov't</PublicationType>  <PublicationType UI=""D013486"">Research Support, U.S. Gov't, Non-P.H.S.</PublicationType></PublicationTypeList>"
24506883,"<PublicationTypeList>  <PublicationType UI=""D016428"">Journal Article</PublicationType>  <PublicationType UI=""D052061"">Research Support, N.I.H., Extramural</PublicationType>  <PublicationType UI=""D013485"">Research Support, Non-U.S. Gov't</PublicationType>  <PublicationType UI=""D013486"">Research Support, U.S. Gov't, Non-P.H.S.</PublicationType></PublicationTypeList>"
24506884,"<PublicationTypeList>  <PublicationType UI=""D016428"">Journal Article</PublicationType>  <PublicationType UI=""D052061"">Research Support, N.I.H., Extramural</PublicationType>  <PublicationType UI=""D013485"">Research Support, Non-U.S. Gov't</PublicationType>  <PublicationType UI=""D013486"">Research Support, U.S. Gov't, Non-P.H.S.</PublicationType></PublicationTypeList>"
24506885,"<PublicationTypeList>  <PublicationType UI=""D016428"">Journal Article</PublicationType>  <PublicationType UI=""D052061"">Research Support, N.I.H., Extramural</PublicationType>  <PublicationType UI=""D013485"">Research Support, Non-U.S. Gov't</PublicationType>  <PublicationType UI=""D013486"">Research Support, U.S. Gov't, Non-P.H.S.</PublicationType></PublicationTypeList>"
24506886,"<PublicationTypeList>  <PublicationType UI=""D016428"">Journal Article</PublicationType>  <PublicationType UI=""D052061"">Research Support, N.I.H., Extramural</PublicationType>  <PublicationType UI=""D013485"">Research Support, Non-U.S. Gov't</PublicationType>  <PublicationType UI=""D013486"">Research Support, U.S. Gov't, Non-P.H.S.</PublicationType></PublicationTypeList>"
24507183,"<PublicationTypeList>  <PublicationType UI=""D016428"">Journal Article</PublicationType>  <PublicationType UI=""D052061"">Research Support, N.I.H., Extramural</PublicationType>  <PublicationType UI=""D013485"">Research Support, Non-U.S. Gov't</PublicationType>  <PublicationType UI=""D013486"">Research Support, U.S. Gov't, Non-P.H.S.</PublicationType></PublicationTypeList>"
24507184,"<PublicationTypeList>  <PublicationType UI=""D016428"">Journal Article</PublicationType>  <PublicationType UI=""D052061"">Research Support, N.I.H., Extramural</PublicationType>  <PublicationType UI=""D013485"">Research Support, Non-U.S. Gov't</PublicationType>  <PublicationType UI=""D013486"">Research Support, U.S. Gov't, Non-P.H.S.</PublicationType></PublicationTypeList>"
24507185,"<PublicationTypeList>  <PublicationType UI=""D016428"">Journal Article</PublicationType>  <PublicationType UI=""D052061"">Research Support, N.I.H., Extramural</PublicationType>  <PublicationType UI=""D013485"">Research Support, Non-U.S. Gov't</PublicationType>  <PublicationType UI=""D013486"">Research Support, U.S. Gov't, Non-P.H.S.</PublicationType></PublicationTypeList>"
24507186,"<PublicationTypeList>  <PublicationType UI=""D016428"">Journal Article</PublicationType>  <PublicationType UI=""D052061"">Research Support, N.I.H., Extramural</PublicationType>  <PublicationType UI=""D013485"">Research Support, Non-U.S. Gov't</PublicationType>  <PublicationType UI=""D013486"">Research Support, U.S. Gov't, Non-P.H.S.</PublicationType></PublicationTypeList>"
24507187,"<PublicationTypeList>  <PublicationType UI=""D016428"">Journal Article</PublicationType>  <PublicationType UI=""D052061"">Research Support, N.I.H., Extramural</PublicationType>  <PublicationType UI=""D013485"">Research Support, Non-U.S. Gov't</PublicationType>  <PublicationType UI=""D013486"">Research Support, U.S. Gov't, Non-P.H.S.</PublicationType></PublicationTypeList>"
24507188,"<PublicationTypeList>  <PublicationType UI=""D016428"">Journal Article</PublicationType>  <PublicationType UI=""D052061"">Research Support, N.I.H., Extramural</PublicationType>  <PublicationType UI=""D013485"">Research Support, Non-U.S. Gov't</PublicationType>  <PublicationType UI=""D013486"">Research Support, U.S. Gov't, Non-P.H.S.</PublicationType></PublicationTypeList>"
24507189,"<PublicationTypeList>  <PublicationType UI=""D016428"">Journal Article</PublicationType>  <PublicationType UI=""D052061"">Research Support, N.I.H., Extramural</PublicationType>  <PublicationType UI=""D013485"">Research Support, Non-U.S. Gov't</PublicationType>  <PublicationType UI=""D013486"">Research Support, U.S. Gov't, Non-P.H.S.</PublicationType></PublicationTypeList>"
24507190,"<PublicationTypeList>  <PublicationType UI=""D016428"">Journal Article</PublicationType>  <PublicationType UI=""D052061"">Research Support, N.I.H., Extramural</PublicationType>  <PublicationType UI=""D013485"">Research Support, Non-U.S. Gov't</PublicationType>  <PublicationType UI=""D013486"">Research Support, U.S. Gov't, Non-P.H.S.</PublicationType></PublicationTypeList>"
24507191,"<PublicationTypeList>  <PublicationType UI=""D016428"">Journal Article</PublicationType>  <PublicationType UI=""D052061"">Research Support, N.I.H., Extramural</PublicationType>  <PublicationType UI=""D013485"">Research Support, Non-U.S. Gov't</PublicationType>  <PublicationType UI=""D013486"">Research Support, U.S. Gov't, Non-P.H.S.</PublicationType></PublicationTypeList>"
24507192,"<PublicationTypeList>  <PublicationType UI=""D016428"">Journal Article</PublicationType>  <PublicationType UI=""D052061"">Research Support, N.I.H., Extramural</PublicationType>  <PublicationType UI=""D013485"">Research Support, Non-U.S. Gov't</PublicationType>  <PublicationType UI=""D013486"">Research Support, U.S. Gov't, Non-P.H.S.</PublicationType></PublicationTypeList>"
24507193,"<PublicationTypeList>  <PublicationType UI=""D016428"">Journal Article</PublicationType>  <PublicationType UI=""D052061"">Research Support, N.I.H., Extramural</PublicationType>  <PublicationType UI=""D013485"">Research Support, Non-U.S. Gov't</PublicationType>  <PublicationType UI=""D013486"">Research Support, U.S. Gov't, Non-P.H.S.</PublicationType></PublicationTypeList>"
24507194,"<PublicationTypeList>  <PublicationType UI=""D016428"">Journal Article</PublicationType>  <PublicationType UI=""D052061"">Research Support, N.I.H., Extramural</PublicationType>  <PublicationType UI=""D013485"">Research Support, Non-U.S. Gov't</PublicationType>  <PublicationType UI=""D013486"">Research Support, U.S. Gov't, Non-P.H.S.</PublicationType></PublicationTypeList>"
24507195,"<PublicationTypeList>  <PublicationType UI=""D016428"">Journal Article</PublicationType>  <PublicationType UI=""D052061"">Research Support, N.I.H., Extramural</PublicationType>  <PublicationType UI=""D013485"">Research Support, Non-U.S. Gov't</PublicationType>  <PublicationType UI=""D013486"">Research Support, U.S. Gov't, Non-P.H.S.</PublicationType></PublicationTypeList>"
24507196,"<PublicationTypeList>  <PublicationType UI=""D016428"">Journal Article</PublicationType>  <PublicationType UI=""D052061"">Research Support, N.I.H., Extramural</PublicationType>  <PublicationType UI=""D013485"">Research Support, Non-U.S. Gov't</PublicationType>  <PublicationType UI=""D013486"">Research Support, U.S. Gov't, Non-P.H.S.</PublicationType></PublicationTypeList>"
24507197,"<PublicationTypeList>  <PublicationType UI=""D016428"">Journal Article</PublicationType>  <PublicationType UI=""D052061"">Research Support, N.I.H., Extramural</PublicationType>  <PublicationType UI=""D013485"">Research Support, Non-U.S. Gov't</PublicationType>  <PublicationType UI=""D013486"">Research Support, U.S. Gov't, Non-P.H.S.</PublicationType></PublicationTypeList>"
24507198,"<PublicationTypeList>  <PublicationType UI=""D016428"">Journal Article</PublicationType>  <PublicationType UI=""D052061"">Research Support, N.I.H., Extramural</PublicationType>  <PublicationType UI=""D013485"">Research Support, Non-U.S. Gov't</PublicationType>  <PublicationType UI=""D013486"">Research Support, U.S. Gov't, Non-P.H.S.</PublicationType></PublicationTypeList>"
24507199,"<PublicationTypeList>  <PublicationType UI=""D016428"">Journal Article</PublicationType>  <PublicationType UI=""D052061"">Research Support, N.I.H., Extramural</PublicationType>  <PublicationType UI=""D013485"">Research Support, Non-U.S. Gov't</PublicationType>  <PublicationType UI=""D013486"">Research Support, U.S. Gov't, Non-P.H.S.</PublicationType></PublicationTypeList>"
24508384,"<PublicationTypeList>  <PublicationType UI=""D016428"">Journal Article</PublicationType>  <PublicationType UI=""D052061"">Research Support, N.I.H., Extramural</PublicationType>  <PublicationType UI=""D013485"">Research Support, Non-U.S. Gov't</PublicationType>  <PublicationType UI=""D013486"">Research Support, U.S. Gov't, Non-P.H.S.</PublicationType></PublicationTypeList>"
24508385,"<PublicationTypeList>  <PublicationType UI=""D016428"">Journal Article</PublicationType>  <PublicationType UI=""D052061"">Research Support, N.I.H., Extramural</PublicationType>  <PublicationType UI=""D013485"">Research Support, Non-U.S. Gov't</PublicationType>  <PublicationType UI=""D013486"">Research Support, U.S. Gov't, Non-P.H.S.</PublicationType></PublicationTypeList>"
24509428,"<PublicationTypeList>  <PublicationType UI=""D016428"">Journal Article</PublicationType>  <PublicationType UI=""D052061"">Research Support, N.I.H., Extramural</PublicationType>  <PublicationType UI=""D013485"">Research Support, Non-U.S. Gov't</PublicationType>  <PublicationType UI=""D013486"">Research Support, U.S. Gov't, Non-P.H.S.</PublicationType></PublicationTypeList>"
24509429,"<PublicationTypeList>  <PublicationType UI=""D016428"">Journal Article</PublicationType>  <PublicationType UI=""D052061"">Research Support, N.I.H., Extramural</PublicationType>  <PublicationType UI=""D013485"">Research Support, Non-U.S. Gov't</PublicationType>  <PublicationType UI=""D013486"">Research Support, U.S. Gov't, Non-P.H.S.</PublicationType></PublicationTypeList>"
24509477,"<PublicationTypeList>  <PublicationType UI=""D016428"">Journal Article</PublicationType>  <PublicationType UI=""D052061"">Research Support, N.I.H., Extramural</PublicationType>  <PublicationType UI=""D013485"">Research Support, Non-U.S. Gov't</PublicationType>  <PublicationType UI=""D013486"">Research Support, U.S. Gov't, Non-P.H.S.</PublicationType></PublicationTypeList>"
24509480,"<PublicationTypeList>  <PublicationType UI=""D016428"">Journal Article</PublicationType>  <PublicationType UI=""D052061"">Research Support, N.I.H., Extramural</PublicationType>  <PublicationType UI=""D013485"">Research Support, Non-U.S. Gov't</PublicationType>  <PublicationType UI=""D013486"">Research Support, U.S. Gov't, Non-P.H.S.</PublicationType></PublicationTypeList>"
24509481,"<PublicationTypeList>  <PublicationType UI=""D016428"">Journal Article</PublicationType>  <PublicationType UI=""D052061"">Research Support, N.I.H., Extramural</PublicationType>  <PublicationType UI=""D013485"">Research Support, Non-U.S. Gov't</PublicationType>  <PublicationType UI=""D013486"">Research Support, U.S. Gov't, Non-P.H.S.</PublicationType></PublicationTypeList>"
24509526,"<PublicationTypeList>  <PublicationType UI=""D016428"">Journal Article</PublicationType>  <PublicationType UI=""D052061"">Research Support, N.I.H., Extramural</PublicationType>  <PublicationType UI=""D013485"">Research Support, Non-U.S. Gov't</PublicationType>  <PublicationType UI=""D013486"">Research Support, U.S. Gov't, Non-P.H.S.</PublicationType></PublicationTypeList>"
24509527,"<PublicationTypeList>  <PublicationType UI=""D016428"">Journal Article</PublicationType>  <PublicationType UI=""D052061"">Research Support, N.I.H., Extramural</PublicationType>  <PublicationType UI=""D013485"">Research Support, Non-U.S. Gov't</PublicationType>  <PublicationType UI=""D013486"">Research Support, U.S. Gov't, Non-P.H.S.</PublicationType></PublicationTypeList>"
24509748,"<PublicationTypeList>  <PublicationType UI=""D016428"">Journal Article</PublicationType>  <PublicationType UI=""D052061"">Research Support, N.I.H., Extramural</PublicationType>  <PublicationType UI=""D013485"">Research Support, Non-U.S. Gov't</PublicationType>  <PublicationType UI=""D013486"">Research Support, U.S. Gov't, Non-P.H.S.</PublicationType></PublicationTypeList>"
24509749,"<PublicationTypeList>  <PublicationType UI=""D016428"">Journal Article</PublicationType>  <PublicationType UI=""D052061"">Research Support, N.I.H., Extramural</PublicationType>  <PublicationType UI=""D013485"">Research Support, Non-U.S. Gov't</PublicationType>  <PublicationType UI=""D013486"">Research Support, U.S. Gov't, Non-P.H.S.</PublicationType></PublicationTypeList>"
24509750,"<PublicationTypeList>  <PublicationType UI=""D016428"">Journal Article</PublicationType>  <PublicationType UI=""D052061"">Research Support, N.I.H., Extramural</PublicationType>  <PublicationType UI=""D013485"">Research Support, Non-U.S. Gov't</PublicationType>  <PublicationType UI=""D013486"">Research Support, U.S. Gov't, Non-P.H.S.</PublicationType></PublicationTypeList>"
24509757,"<PublicationTypeList>  <PublicationType UI=""D016428"">Journal Article</PublicationType>  <PublicationType UI=""D052061"">Research Support, N.I.H., Extramural</PublicationType>  <PublicationType UI=""D013485"">Research Support, Non-U.S. Gov't</PublicationType>  <PublicationType UI=""D013486"">Research Support, U.S. Gov't, Non-P.H.S.</PublicationType></PublicationTypeList>"
24509759,"<PublicationTypeList>  <PublicationType UI=""D016428"">Journal Article</PublicationType>  <PublicationType UI=""D052061"">Research Support, N.I.H., Extramural</PublicationType>  <PublicationType UI=""D013485"">Research Support, Non-U.S. Gov't</PublicationType>  <PublicationType UI=""D013486"">Research Support, U.S. Gov't, Non-P.H.S.</PublicationType></PublicationTypeList>"
24509760,"<PublicationTypeList>  <PublicationType UI=""D016428"">Journal Article</PublicationType>  <PublicationType UI=""D052061"">Research Support, N.I.H., Extramural</PublicationType>  <PublicationType UI=""D013485"">Research Support, Non-U.S. Gov't</PublicationType>  <PublicationType UI=""D013486"">Research Support, U.S. Gov't, Non-P.H.S.</PublicationType></PublicationTypeList>"
24509762,"<PublicationTypeList>  <PublicationType UI=""D016428"">Journal Article</PublicationType>  <PublicationType UI=""D052061"">Research Support, N.I.H., Extramural</PublicationType>  <PublicationType UI=""D013485"">Research Support, Non-U.S. Gov't</PublicationType>  <PublicationType UI=""D013486"">Research Support, U.S. Gov't, Non-P.H.S.</PublicationType></PublicationTypeList>"
24509763,"<PublicationTypeList>  <PublicationType UI=""D016428"">Journal Article</PublicationType>  <PublicationType UI=""D052061"">Research Support, N.I.H., Extramural</PublicationType>  <PublicationType UI=""D013485"">Research Support, Non-U.S. Gov't</PublicationType>  <PublicationType UI=""D013486"">Research Support, U.S. Gov't, Non-P.H.S.</PublicationType></PublicationTypeList>"
24509764,"<PublicationTypeList>  <PublicationType UI=""D016428"">Journal Article</PublicationType>  <PublicationType UI=""D052061"">Research Support, N.I.H., Extramural</PublicationType>  <PublicationType UI=""D013485"">Research Support, Non-U.S. Gov't</PublicationType>  <PublicationType UI=""D013486"">Research Support, U.S. Gov't, Non-P.H.S.</PublicationType></PublicationTypeList>"
24509793,"<PublicationTypeList>  <PublicationType UI=""D016428"">Journal Article</PublicationType>  <PublicationType UI=""D052061"">Research Support, N.I.H., Extramural</PublicationType>  <PublicationType UI=""D013485"">Research Support, Non-U.S. Gov't</PublicationType>  <PublicationType UI=""D013486"">Research Support, U.S. Gov't, Non-P.H.S.</PublicationType></PublicationTypeList>"
24509820,"<PublicationTypeList>  <PublicationType UI=""D016428"">Journal Article</PublicationType>  <PublicationType UI=""D052061"">Research Support, N.I.H., Extramural</PublicationType>  <PublicationType UI=""D013485"">Research Support, Non-U.S. Gov't</PublicationType>  <PublicationType UI=""D013486"">Research Support, U.S. Gov't, Non-P.H.S.</PublicationType></PublicationTypeList>"
24509821,"<PublicationTypeList>  <PublicationType UI=""D016428"">Journal Article</PublicationType>  <PublicationType UI=""D052061"">Research Support, N.I.H., Extramural</PublicationType>  <PublicationType UI=""D013485"">Research Support, Non-U.S. Gov't</PublicationType>  <PublicationType UI=""D013486"">Research Support, U.S. Gov't, Non-P.H.S.</PublicationType></PublicationTypeList>"
24529595,"<PublicationTypeList>  <PublicationType UI=""D016428"">Journal Article</PublicationType>  <PublicationType UI=""D052061"">Research Support, N.I.H., Extramural</PublicationType>  <PublicationType UI=""D013485"">Research Support, Non-U.S. Gov't</PublicationType>  <PublicationType UI=""D013486"">Research Support, U.S. Gov't, Non-P.H.S.</PublicationType></PublicationTypeList>"
24529596,"<PublicationTypeList>  <PublicationType UI=""D016428"">Journal Article</PublicationType>  <PublicationType UI=""D052061"">Research Support, N.I.H., Extramural</PublicationType>  <PublicationType UI=""D013485"">Research Support, Non-U.S. Gov't</PublicationType>  <PublicationType UI=""D013486"">Research Support, U.S. Gov't, Non-P.H.S.</PublicationType></PublicationTypeList>"
24529597,"<PublicationTypeList>  <PublicationType UI=""D016428"">Journal Article</PublicationType>  <PublicationType UI=""D052061"">Research Support, N.I.H., Extramural</PublicationType>  <PublicationType UI=""D013485"">Research Support, Non-U.S. Gov't</PublicationType>  <PublicationType UI=""D013486"">Research Support, U.S. Gov't, Non-P.H.S.</PublicationType></PublicationTypeList>"
24529980,"<PublicationTypeList>  <PublicationType UI=""D016428"">Journal Article</PublicationType>  <PublicationType UI=""D052061"">Research Support, N.I.H., Extramural</PublicationType>  <PublicationType UI=""D013485"">Research Support, Non-U.S. Gov't</PublicationType>  <PublicationType UI=""D013486"">Research Support, U.S. Gov't, Non-P.H.S.</PublicationType></PublicationTypeList>"
24529981,"<PublicationTypeList>  <PublicationType UI=""D016428"">Journal Article</PublicationType>  <PublicationType UI=""D052061"">Research Support, N.I.H., Extramural</PublicationType>  <PublicationType UI=""D013485"">Research Support, Non-U.S. Gov't</PublicationType>  <PublicationType UI=""D013486"">Research Support, U.S. Gov't, Non-P.H.S.</PublicationType></PublicationTypeList>"
24531061,"<PublicationTypeList>  <PublicationType UI=""D016428"">Journal Article</PublicationType>  <PublicationType UI=""D052061"">Research Support, N.I.H., Extramural</PublicationType>  <PublicationType UI=""D013485"">Research Support, Non-U.S. Gov't</PublicationType>  <PublicationType UI=""D013486"">Research Support, U.S. Gov't, Non-P.H.S.</PublicationType></PublicationTypeList>"
24531306,"<PublicationTypeList>  <PublicationType UI=""D016428"">Journal Article</PublicationType>  <PublicationType UI=""D052061"">Research Support, N.I.H., Extramural</PublicationType>  <PublicationType UI=""D013485"">Research Support, Non-U.S. Gov't</PublicationType>  <PublicationType UI=""D013486"">Research Support, U.S. Gov't, Non-P.H.S.</PublicationType></PublicationTypeList>"
24531307,"<PublicationTypeList>  <PublicationType UI=""D016428"">Journal Article</PublicationType>  <PublicationType UI=""D052061"">Research Support, N.I.H., Extramural</PublicationType>  <PublicationType UI=""D013485"">Research Support, Non-U.S. Gov't</PublicationType>  <PublicationType UI=""D013486"">Research Support, U.S. Gov't, Non-P.H.S.</PublicationType></PublicationTypeList>"
24531327,"<PublicationTypeList>  <PublicationType UI=""D016428"">Journal Article</PublicationType>  <PublicationType UI=""D052061"">Research Support, N.I.H., Extramural</PublicationType>  <PublicationType UI=""D013485"">Research Support, Non-U.S. Gov't</PublicationType>  <PublicationType UI=""D013486"">Research Support, U.S. Gov't, Non-P.H.S.</PublicationType></PublicationTypeList>"
24531328,"<PublicationTypeList>  <PublicationType UI=""D016428"">Journal Article</PublicationType>  <PublicationType UI=""D052061"">Research Support, N.I.H., Extramural</PublicationType>  <PublicationType UI=""D013485"">Research Support, Non-U.S. Gov't</PublicationType>  <PublicationType UI=""D013486"">Research Support, U.S. Gov't, Non-P.H.S.</PublicationType></PublicationTypeList>"
24531329,"<PublicationTypeList>  <PublicationType UI=""D016428"">Journal Article</PublicationType>  <PublicationType UI=""D052061"">Research Support, N.I.H., Extramural</PublicationType>  <PublicationType UI=""D013485"">Research Support, Non-U.S. Gov't</PublicationType>  <PublicationType UI=""D013486"">Research Support, U.S. Gov't, Non-P.H.S.</PublicationType></PublicationTypeList>"
24531377,"<PublicationTypeList>  <PublicationType UI=""D016428"">Journal Article</PublicationType>  <PublicationType UI=""D052061"">Research Support, N.I.H., Extramural</PublicationType>  <PublicationType UI=""D013485"">Research Support, Non-U.S. Gov't</PublicationType>  <PublicationType UI=""D013486"">Research Support, U.S. Gov't, Non-P.H.S.</PublicationType></PublicationTypeList>"
24531378,"<PublicationTypeList>  <PublicationType UI=""D016428"">Journal Article</PublicationType>  <PublicationType UI=""D052061"">Research Support, N.I.H., Extramural</PublicationType>  <PublicationType UI=""D013485"">Research Support, Non-U.S. Gov't</PublicationType>  <PublicationType UI=""D013486"">Research Support, U.S. Gov't, Non-P.H.S.</PublicationType></PublicationTypeList>"
24531379,"<PublicationTypeList>  <PublicationType UI=""D016428"">Journal Article</PublicationType>  <PublicationType UI=""D052061"">Research Support, N.I.H., Extramural</PublicationType>  <PublicationType UI=""D013485"">Research Support, Non-U.S. Gov't</PublicationType>  <PublicationType UI=""D013486"">Research Support, U.S. Gov't, Non-P.H.S.</PublicationType></PublicationTypeList>"
24531797,"<PublicationTypeList>  <PublicationType UI=""D016428"">Journal Article</PublicationType>  <PublicationType UI=""D052061"">Research Support, N.I.H., Extramural</PublicationType>  <PublicationType UI=""D013485"">Research Support, Non-U.S. Gov't</PublicationType>  <PublicationType UI=""D013486"">Research Support, U.S. Gov't, Non-P.H.S.</PublicationType></PublicationTypeList>"
24531798,"<PublicationTypeList>  <PublicationType UI=""D016428"">Journal Article</PublicationType>  <PublicationType UI=""D052061"">Research Support, N.I.H., Extramural</PublicationType>  <PublicationType UI=""D013485"">Research Support, Non-U.S. Gov't</PublicationType>  <PublicationType UI=""D013486"">Research Support, U.S. Gov't, Non-P.H.S.</PublicationType></PublicationTypeList>"
24531841,"<PublicationTypeList>  <PublicationType UI=""D016428"">Journal Article</PublicationType>  <PublicationType UI=""D052061"">Research Support, N.I.H., Extramural</PublicationType>  <PublicationType UI=""D013485"">Research Support, Non-U.S. Gov't</PublicationType>  <PublicationType UI=""D013486"">Research Support, U.S. Gov't, Non-P.H.S.</PublicationType></PublicationTypeList>"
24531842,"<PublicationTypeList>  <PublicationType UI=""D016428"">Journal Article</PublicationType>  <PublicationType UI=""D052061"">Research Support, N.I.H., Extramural</PublicationType>  <PublicationType UI=""D013485"">Research Support, Non-U.S. Gov't</PublicationType>  <PublicationType UI=""D013486"">Research Support, U.S. Gov't, Non-P.H.S.</PublicationType></PublicationTypeList>"
24535568,"<PublicationTypeList>  <PublicationType UI=""D016428"">Journal Article</PublicationType>  <PublicationType UI=""D052061"">Research Support, N.I.H., Extramural</PublicationType>  <PublicationType UI=""D013485"">Research Support, Non-U.S. Gov't</PublicationType>  <PublicationType UI=""D013486"">Research Support, U.S. Gov't, Non-P.H.S.</PublicationType></PublicationTypeList>"
24559665,"<PublicationTypeList>  <PublicationType UI=""D016428"">Journal Article</PublicationType>  <PublicationType UI=""D052061"">Research Support, N.I.H., Extramural</PublicationType>  <PublicationType UI=""D013485"">Research Support, Non-U.S. Gov't</PublicationType>  <PublicationType UI=""D013486"">Research Support, U.S. Gov't, Non-P.H.S.</PublicationType></PublicationTypeList>"
24559666,"<PublicationTypeList>  <PublicationType UI=""D016428"">Journal Article</PublicationType>  <PublicationType UI=""D052061"">Research Support, N.I.H., Extramural</PublicationType>  <PublicationType UI=""D013485"">Research Support, Non-U.S. Gov't</PublicationType>  <PublicationType UI=""D013486"">Research Support, U.S. Gov't, Non-P.H.S.</PublicationType></PublicationTypeList>"
24559667,"<PublicationTypeList>  <PublicationType UI=""D016428"">Journal Article</PublicationType>  <PublicationType UI=""D052061"">Research Support, N.I.H., Extramural</PublicationType>  <PublicationType UI=""D013485"">Research Support, Non-U.S. Gov't</PublicationType>  <PublicationType UI=""D013486"">Research Support, U.S. Gov't, Non-P.H.S.</PublicationType></PublicationTypeList>"
24559668,"<PublicationTypeList>  <PublicationType UI=""D016428"">Journal Article</PublicationType>  <PublicationType UI=""D052061"">Research Support, N.I.H., Extramural</PublicationType>  <PublicationType UI=""D013485"">Research Support, Non-U.S. Gov't</PublicationType>  <PublicationType UI=""D013486"">Research Support, U.S. Gov't, Non-P.H.S.</PublicationType></PublicationTypeList>"
24559669,"<PublicationTypeList>  <PublicationType UI=""D016428"">Journal Article</PublicationType>  <PublicationType UI=""D052061"">Research Support, N.I.H., Extramural</PublicationType>  <PublicationType UI=""D013485"">Research Support, Non-U.S. Gov't</PublicationType>  <PublicationType UI=""D013486"">Research Support, U.S. Gov't, Non-P.H.S.</PublicationType></PublicationTypeList>"
24559670,"<PublicationTypeList>  <PublicationType UI=""D016428"">Journal Article</PublicationType>  <PublicationType UI=""D052061"">Research Support, N.I.H., Extramural</PublicationType>  <PublicationType UI=""D013485"">Research Support, Non-U.S. Gov't</PublicationType>  <PublicationType UI=""D013486"">Research Support, U.S. Gov't, Non-P.H.S.</PublicationType></PublicationTypeList>"
24559671,"<PublicationTypeList>  <PublicationType UI=""D016428"">Journal Article</PublicationType>  <PublicationType UI=""D052061"">Research Support, N.I.H., Extramural</PublicationType>  <PublicationType UI=""D013485"">Research Support, Non-U.S. Gov't</PublicationType>  <PublicationType UI=""D013486"">Research Support, U.S. Gov't, Non-P.H.S.</PublicationType></PublicationTypeList>"
24559672,"<PublicationTypeList>  <PublicationType UI=""D016428"">Journal Article</PublicationType>  <PublicationType UI=""D052061"">Research Support, N.I.H., Extramural</PublicationType>  <PublicationType UI=""D013485"">Research Support, Non-U.S. Gov't</PublicationType>  <PublicationType UI=""D013486"">Research Support, U.S. Gov't, Non-P.H.S.</PublicationType></PublicationTypeList>"
24559673,"<PublicationTypeList>  <PublicationType UI=""D016428"">Journal Article</PublicationType>  <PublicationType UI=""D052061"">Research Support, N.I.H., Extramural</PublicationType>  <PublicationType UI=""D013485"">Research Support, Non-U.S. Gov't</PublicationType>  <PublicationType UI=""D013486"">Research Support, U.S. Gov't, Non-P.H.S.</PublicationType></PublicationTypeList>"
24559674,"<PublicationTypeList>  <PublicationType UI=""D016428"">Journal Article</PublicationType>  <PublicationType UI=""D052061"">Research Support, N.I.H., Extramural</PublicationType>  <PublicationType UI=""D013485"">Research Support, Non-U.S. Gov't</PublicationType>  <PublicationType UI=""D013486"">Research Support, U.S. Gov't, Non-P.H.S.</PublicationType></PublicationTypeList>"
24559675,"<PublicationTypeList>  <PublicationType UI=""D016428"">Journal Article</PublicationType>  <PublicationType UI=""D052061"">Research Support, N.I.H., Extramural</PublicationType>  <PublicationType UI=""D013485"">Research Support, Non-U.S. Gov't</PublicationType>  <PublicationType UI=""D013486"">Research Support, U.S. Gov't, Non-P.H.S.</PublicationType></PublicationTypeList>"
24559676,"<PublicationTypeList>  <PublicationType UI=""D016428"">Journal Article</PublicationType>  <PublicationType UI=""D052061"">Research Support, N.I.H., Extramural</PublicationType>  <PublicationType UI=""D013485"">Research Support, Non-U.S. Gov't</PublicationType>  <PublicationType UI=""D013486"">Research Support, U.S. Gov't, Non-P.H.S.</PublicationType></PublicationTypeList>"
24559677,"<PublicationTypeList>  <PublicationType UI=""D016428"">Journal Article</PublicationType>  <PublicationType UI=""D052061"">Research Support, N.I.H., Extramural</PublicationType>  <PublicationType UI=""D013485"">Research Support, Non-U.S. Gov't</PublicationType>  <PublicationType UI=""D013486"">Research Support, U.S. Gov't, Non-P.H.S.</PublicationType></PublicationTypeList>"
24559678,"<PublicationTypeList>  <PublicationType UI=""D016428"">Journal Article</PublicationType>  <PublicationType UI=""D052061"">Research Support, N.I.H., Extramural</PublicationType>  <PublicationType UI=""D013485"">Research Support, Non-U.S. Gov't</PublicationType>  <PublicationType UI=""D013486"">Research Support, U.S. Gov't, Non-P.H.S.</PublicationType></PublicationTypeList>"
24559679,"<PublicationTypeList>  <PublicationType UI=""D016428"">Journal Article</PublicationType>  <PublicationType UI=""D052061"">Research Support, N.I.H., Extramural</PublicationType>  <PublicationType UI=""D013485"">Research Support, Non-U.S. Gov't</PublicationType>  <PublicationType UI=""D013486"">Research Support, U.S. Gov't, Non-P.H.S.</PublicationType></PublicationTypeList>"
24559680,"<PublicationTypeList>  <PublicationType UI=""D016428"">Journal Article</PublicationType>  <PublicationType UI=""D052061"">Research Support, N.I.H., Extramural</PublicationType>  <PublicationType UI=""D013485"">Research Support, Non-U.S. Gov't</PublicationType>  <PublicationType UI=""D013486"">Research Support, U.S. Gov't, Non-P.H.S.</PublicationType></PublicationTypeList>"
24559681,"<PublicationTypeList>  <PublicationType UI=""D016428"">Journal Article</PublicationType>  <PublicationType UI=""D052061"">Research Support, N.I.H., Extramural</PublicationType>  <PublicationType UI=""D013485"">Research Support, Non-U.S. Gov't</PublicationType>  <PublicationType UI=""D013486"">Research Support, U.S. Gov't, Non-P.H.S.</PublicationType></PublicationTypeList>"
24559682,"<PublicationTypeList>  <PublicationType UI=""D016428"">Journal Article</PublicationType>  <PublicationType UI=""D052061"">Research Support, N.I.H., Extramural</PublicationType>  <PublicationType UI=""D013485"">Research Support, Non-U.S. Gov't</PublicationType>  <PublicationType UI=""D013486"">Research Support, U.S. Gov't, Non-P.H.S.</PublicationType></PublicationTypeList>"
24560702,"<PublicationTypeList>  <PublicationType UI=""D016428"">Journal Article</PublicationType>  <PublicationType UI=""D052061"">Research Support, N.I.H., Extramural</PublicationType>  <PublicationType UI=""D013485"">Research Support, Non-U.S. Gov't</PublicationType>  <PublicationType UI=""D013486"">Research Support, U.S. Gov't, Non-P.H.S.</PublicationType></PublicationTypeList>"
24560703,"<PublicationTypeList>  <PublicationType UI=""D016428"">Journal Article</PublicationType>  <PublicationType UI=""D052061"">Research Support, N.I.H., Extramural</PublicationType>  <PublicationType UI=""D013485"">Research Support, Non-U.S. Gov't</PublicationType>  <PublicationType UI=""D013486"">Research Support, U.S. Gov't, Non-P.H.S.</PublicationType></PublicationTypeList>"
24561082,"<PublicationTypeList>  <PublicationType UI=""D016428"">Journal Article</PublicationType>  <PublicationType UI=""D052061"">Research Support, N.I.H., Extramural</PublicationType>  <PublicationType UI=""D013485"">Research Support, Non-U.S. Gov't</PublicationType>  <PublicationType UI=""D013486"">Research Support, U.S. Gov't, Non-P.H.S.</PublicationType></PublicationTypeList>"
24561083,"<PublicationTypeList>  <PublicationType UI=""D016428"">Journal Article</PublicationType>  <PublicationType UI=""D052061"">Research Support, N.I.H., Extramural</PublicationType>  <PublicationType UI=""D013485"">Research Support, Non-U.S. Gov't</PublicationType>  <PublicationType UI=""D013486"">Research Support, U.S. Gov't, Non-P.H.S.</PublicationType></PublicationTypeList>"
24561084,"<PublicationTypeList>  <PublicationType UI=""D016428"">Journal Article</PublicationType>  <PublicationType UI=""D052061"">Research Support, N.I.H., Extramural</PublicationType>  <PublicationType UI=""D013485"">Research Support, Non-U.S. Gov't</PublicationType>  <PublicationType UI=""D013486"">Research Support, U.S. Gov't, Non-P.H.S.</PublicationType></PublicationTypeList>"
24561554,"<PublicationTypeList>  <PublicationType UI=""D016428"">Journal Article</PublicationType>  <PublicationType UI=""D052061"">Research Support, N.I.H., Extramural</PublicationType>  <PublicationType UI=""D013485"">Research Support, Non-U.S. Gov't</PublicationType>  <PublicationType UI=""D013486"">Research Support, U.S. Gov't, Non-P.H.S.</PublicationType></PublicationTypeList>"
24561555,"<PublicationTypeList>  <PublicationType UI=""D016428"">Journal Article</PublicationType>  <PublicationType UI=""D052061"">Research Support, N.I.H., Extramural</PublicationType>  <PublicationType UI=""D013485"">Research Support, Non-U.S. Gov't</PublicationType>  <PublicationType UI=""D013486"">Research Support, U.S. Gov't, Non-P.H.S.</PublicationType></PublicationTypeList>"
24561556,"<PublicationTypeList>  <PublicationType UI=""D016428"">Journal Article</PublicationType>  <PublicationType UI=""D052061"">Research Support, N.I.H., Extramural</PublicationType>  <PublicationType UI=""D013485"">Research Support, Non-U.S. Gov't</PublicationType>  <PublicationType UI=""D013486"">Research Support, U.S. Gov't, Non-P.H.S.</PublicationType></PublicationTypeList>"
24561618,"<PublicationTypeList>  <PublicationType UI=""D016428"">Journal Article</PublicationType>  <PublicationType UI=""D052061"">Research Support, N.I.H., Extramural</PublicationType>  <PublicationType UI=""D013485"">Research Support, Non-U.S. Gov't</PublicationType>  <PublicationType UI=""D013486"">Research Support, U.S. Gov't, Non-P.H.S.</PublicationType></PublicationTypeList>"
24561619,"<PublicationTypeList>  <PublicationType UI=""D016428"">Journal Article</PublicationType>  <PublicationType UI=""D052061"">Research Support, N.I.H., Extramural</PublicationType>  <PublicationType UI=""D013485"">Research Support, Non-U.S. Gov't</PublicationType>  <PublicationType UI=""D013486"">Research Support, U.S. Gov't, Non-P.H.S.</PublicationType></PublicationTypeList>"
24561620,"<PublicationTypeList>  <PublicationType UI=""D016428"">Journal Article</PublicationType>  <PublicationType UI=""D052061"">Research Support, N.I.H., Extramural</PublicationType>  <PublicationType UI=""D013485"">Research Support, Non-U.S. Gov't</PublicationType>  <PublicationType UI=""D013486"">Research Support, U.S. Gov't, Non-P.H.S.</PublicationType></PublicationTypeList>"
24561621,"<PublicationTypeList>  <PublicationType UI=""D016428"">Journal Article</PublicationType>  <PublicationType UI=""D052061"">Research Support, N.I.H., Extramural</PublicationType>  <PublicationType UI=""D013485"">Research Support, Non-U.S. Gov't</PublicationType>  <PublicationType UI=""D013486"">Research Support, U.S. Gov't, Non-P.H.S.</PublicationType></PublicationTypeList>"
24561622,"<PublicationTypeList>  <PublicationType UI=""D016428"">Journal Article</PublicationType>  <PublicationType UI=""D052061"">Research Support, N.I.H., Extramural</PublicationType>  <PublicationType UI=""D013485"">Research Support, Non-U.S. Gov't</PublicationType>  <PublicationType UI=""D013486"">Research Support, U.S. Gov't, Non-P.H.S.</PublicationType></PublicationTypeList>"
24561623,"<PublicationTypeList>  <PublicationType UI=""D016428"">Journal Article</PublicationType>  <PublicationType UI=""D052061"">Research Support, N.I.H., Extramural</PublicationType>  <PublicationType UI=""D013485"">Research Support, Non-U.S. Gov't</PublicationType>  <PublicationType UI=""D013486"">Research Support, U.S. Gov't, Non-P.H.S.</PublicationType></PublicationTypeList>"
24561661,"<PublicationTypeList>  <PublicationType UI=""D016428"">Journal Article</PublicationType>  <PublicationType UI=""D052061"">Research Support, N.I.H., Extramural</PublicationType>  <PublicationType UI=""D013485"">Research Support, Non-U.S. Gov't</PublicationType>  <PublicationType UI=""D013486"">Research Support, U.S. Gov't, Non-P.H.S.</PublicationType></PublicationTypeList>"
24561662,"<PublicationTypeList>  <PublicationType UI=""D016428"">Journal Article</PublicationType>  <PublicationType UI=""D052061"">Research Support, N.I.H., Extramural</PublicationType>  <PublicationType UI=""D013485"">Research Support, Non-U.S. Gov't</PublicationType>  <PublicationType UI=""D013486"">Research Support, U.S. Gov't, Non-P.H.S.</PublicationType></PublicationTypeList>"
24561995,"<PublicationTypeList>  <PublicationType UI=""D016428"">Journal Article</PublicationType>  <PublicationType UI=""D052061"">Research Support, N.I.H., Extramural</PublicationType>  <PublicationType UI=""D013485"">Research Support, Non-U.S. Gov't</PublicationType>  <PublicationType UI=""D013486"">Research Support, U.S. Gov't, Non-P.H.S.</PublicationType></PublicationTypeList>"
24561996,"<PublicationTypeList>  <PublicationType UI=""D016428"">Journal Article</PublicationType>  <PublicationType UI=""D052061"">Research Support, N.I.H., Extramural</PublicationType>  <PublicationType UI=""D013485"">Research Support, Non-U.S. Gov't</PublicationType>  <PublicationType UI=""D013486"">Research Support, U.S. Gov't, Non-P.H.S.</PublicationType></PublicationTypeList>"
24561997,"<PublicationTypeList>  <PublicationType UI=""D016428"">Journal Article</PublicationType>  <PublicationType UI=""D052061"">Research Support, N.I.H., Extramural</PublicationType>  <PublicationType UI=""D013485"">Research Support, Non-U.S. Gov't</PublicationType>  <PublicationType UI=""D013486"">Research Support, U.S. Gov't, Non-P.H.S.</PublicationType></PublicationTypeList>"
24561998,"<PublicationTypeList>  <PublicationType UI=""D016428"">Journal Article</PublicationType>  <PublicationType UI=""D052061"">Research Support, N.I.H., Extramural</PublicationType>  <PublicationType UI=""D013485"">Research Support, Non-U.S. Gov't</PublicationType>  <PublicationType UI=""D013486"">Research Support, U.S. Gov't, Non-P.H.S.</PublicationType></PublicationTypeList>"
24561999,"<PublicationTypeList>  <PublicationType UI=""D016428"">Journal Article</PublicationType>  <PublicationType UI=""D052061"">Research Support, N.I.H., Extramural</PublicationType>  <PublicationType UI=""D013485"">Research Support, Non-U.S. Gov't</PublicationType>  <PublicationType UI=""D013486"">Research Support, U.S. Gov't, Non-P.H.S.</PublicationType></PublicationTypeList>"
24562000,"<PublicationTypeList>  <PublicationType UI=""D016428"">Journal Article</PublicationType>  <PublicationType UI=""D052061"">Research Support, N.I.H., Extramural</PublicationType>  <PublicationType UI=""D013485"">Research Support, Non-U.S. Gov't</PublicationType>  <PublicationType UI=""D013486"">Research Support, U.S. Gov't, Non-P.H.S.</PublicationType></PublicationTypeList>"
24562187,"<PublicationTypeList>  <PublicationType UI=""D016428"">Journal Article</PublicationType>  <PublicationType UI=""D052061"">Research Support, N.I.H., Extramural</PublicationType>  <PublicationType UI=""D013485"">Research Support, Non-U.S. Gov't</PublicationType>  <PublicationType UI=""D013486"">Research Support, U.S. Gov't, Non-P.H.S.</PublicationType></PublicationTypeList>"
24562188,"<PublicationTypeList>  <PublicationType UI=""D016428"">Journal Article</PublicationType>  <PublicationType UI=""D052061"">Research Support, N.I.H., Extramural</PublicationType>  <PublicationType UI=""D013485"">Research Support, Non-U.S. Gov't</PublicationType>  <PublicationType UI=""D013486"">Research Support, U.S. Gov't, Non-P.H.S.</PublicationType></PublicationTypeList>"
24562381,"<PublicationTypeList>  <PublicationType UI=""D016428"">Journal Article</PublicationType>  <PublicationType UI=""D052061"">Research Support, N.I.H., Extramural</PublicationType>  <PublicationType UI=""D013485"">Research Support, Non-U.S. Gov't</PublicationType>  <PublicationType UI=""D013486"">Research Support, U.S. Gov't, Non-P.H.S.</PublicationType></PublicationTypeList>"
24562382,"<PublicationTypeList>  <PublicationType UI=""D016428"">Journal Article</PublicationType>  <PublicationType UI=""D052061"">Research Support, N.I.H., Extramural</PublicationType>  <PublicationType UI=""D013485"">Research Support, Non-U.S. Gov't</PublicationType>  <PublicationType UI=""D013486"">Research Support, U.S. Gov't, Non-P.H.S.</PublicationType></PublicationTypeList>"
24562383,"<PublicationTypeList>  <PublicationType UI=""D016428"">Journal Article</PublicationType>  <PublicationType UI=""D052061"">Research Support, N.I.H., Extramural</PublicationType>  <PublicationType UI=""D013485"">Research Support, Non-U.S. Gov't</PublicationType>  <PublicationType UI=""D013486"">Research Support, U.S. Gov't, Non-P.H.S.</PublicationType></PublicationTypeList>"
24569825,"<PublicationTypeList>  <PublicationType UI=""D016428"">Journal Article</PublicationType>  <PublicationType UI=""D052061"">Research Support, N.I.H., Extramural</PublicationType>  <PublicationType UI=""D013485"">Research Support, Non-U.S. Gov't</PublicationType>  <PublicationType UI=""D013486"">Research Support, U.S. Gov't, Non-P.H.S.</PublicationType></PublicationTypeList>"
24569826,"<PublicationTypeList>  <PublicationType UI=""D016428"">Journal Article</PublicationType>  <PublicationType UI=""D052061"">Research Support, N.I.H., Extramural</PublicationType>  <PublicationType UI=""D013485"">Research Support, Non-U.S. Gov't</PublicationType>  <PublicationType UI=""D013486"">Research Support, U.S. Gov't, Non-P.H.S.</PublicationType></PublicationTypeList>"
24569827,"<PublicationTypeList>  <PublicationType UI=""D016428"">Journal Article</PublicationType>  <PublicationType UI=""D052061"">Research Support, N.I.H., Extramural</PublicationType>  <PublicationType UI=""D013485"">Research Support, Non-U.S. Gov't</PublicationType>  <PublicationType UI=""D013486"">Research Support, U.S. Gov't, Non-P.H.S.</PublicationType></PublicationTypeList>"
24569828,"<PublicationTypeList>  <PublicationType UI=""D016428"">Journal Article</PublicationType>  <PublicationType UI=""D052061"">Research Support, N.I.H., Extramural</PublicationType>  <PublicationType UI=""D013485"">Research Support, Non-U.S. Gov't</PublicationType>  <PublicationType UI=""D013486"">Research Support, U.S. Gov't, Non-P.H.S.</PublicationType></PublicationTypeList>"
24569829,"<PublicationTypeList>  <PublicationType UI=""D016428"">Journal Article</PublicationType>  <PublicationType UI=""D052061"">Research Support, N.I.H., Extramural</PublicationType>  <PublicationType UI=""D013485"">Research Support, Non-U.S. Gov't</PublicationType>  <PublicationType UI=""D013486"">Research Support, U.S. Gov't, Non-P.H.S.</PublicationType></PublicationTypeList>"
24569830,"<PublicationTypeList>  <PublicationType UI=""D016428"">Journal Article</PublicationType>  <PublicationType UI=""D052061"">Research Support, N.I.H., Extramural</PublicationType>  <PublicationType UI=""D013485"">Research Support, Non-U.S. Gov't</PublicationType>  <PublicationType UI=""D013486"">Research Support, U.S. Gov't, Non-P.H.S.</PublicationType></PublicationTypeList>"
24569831,"<PublicationTypeList>  <PublicationType UI=""D016428"">Journal Article</PublicationType>  <PublicationType UI=""D052061"">Research Support, N.I.H., Extramural</PublicationType>  <PublicationType UI=""D013485"">Research Support, Non-U.S. Gov't</PublicationType>  <PublicationType UI=""D013486"">Research Support, U.S. Gov't, Non-P.H.S.</PublicationType></PublicationTypeList>"
24576896,"<PublicationTypeList>  <PublicationType UI=""D016428"">Journal Article</PublicationType>  <PublicationType UI=""D052061"">Research Support, N.I.H., Extramural</PublicationType>  <PublicationType UI=""D013485"">Research Support, Non-U.S. Gov't</PublicationType>  <PublicationType UI=""D013486"">Research Support, U.S. Gov't, Non-P.H.S.</PublicationType></PublicationTypeList>"
24576897,"<PublicationTypeList>  <PublicationType UI=""D016428"">Journal Article</PublicationType>  <PublicationType UI=""D052061"">Research Support, N.I.H., Extramural</PublicationType>  <PublicationType UI=""D013485"">Research Support, Non-U.S. Gov't</PublicationType>  <PublicationType UI=""D013486"">Research Support, U.S. Gov't, Non-P.H.S.</PublicationType></PublicationTypeList>"
24576898,"<PublicationTypeList>  <PublicationType UI=""D016428"">Journal Article</PublicationType>  <PublicationType UI=""D052061"">Research Support, N.I.H., Extramural</PublicationType>  <PublicationType UI=""D013485"">Research Support, Non-U.S. Gov't</PublicationType>  <PublicationType UI=""D013486"">Research Support, U.S. Gov't, Non-P.H.S.</PublicationType></PublicationTypeList>"
24576899,"<PublicationTypeList>  <PublicationType UI=""D016428"">Journal Article</PublicationType>  <PublicationType UI=""D052061"">Research Support, N.I.H., Extramural</PublicationType>  <PublicationType UI=""D013485"">Research Support, Non-U.S. Gov't</PublicationType>  <PublicationType UI=""D013486"">Research Support, U.S. Gov't, Non-P.H.S.</PublicationType></PublicationTypeList>"
24582926,"<PublicationTypeList>  <PublicationType UI=""D016428"">Journal Article</PublicationType>  <PublicationType UI=""D052061"">Research Support, N.I.H., Extramural</PublicationType>  <PublicationType UI=""D013485"">Research Support, Non-U.S. Gov't</PublicationType>  <PublicationType UI=""D013486"">Research Support, U.S. Gov't, Non-P.H.S.</PublicationType></PublicationTypeList>"
24582927,"<PublicationTypeList>  <PublicationType UI=""D016428"">Journal Article</PublicationType>  <PublicationType UI=""D052061"">Research Support, N.I.H., Extramural</PublicationType>  <PublicationType UI=""D013485"">Research Support, Non-U.S. Gov't</PublicationType>  <PublicationType UI=""D013486"">Research Support, U.S. Gov't, Non-P.H.S.</PublicationType></PublicationTypeList>"
24583022,"<PublicationTypeList>  <PublicationType UI=""D016428"">Journal Article</PublicationType>  <PublicationType UI=""D052061"">Research Support, N.I.H., Extramural</PublicationType>  <PublicationType UI=""D013485"">Research Support, Non-U.S. Gov't</PublicationType>  <PublicationType UI=""D013486"">Research Support, U.S. Gov't, Non-P.H.S.</PublicationType></PublicationTypeList>"
24583023,"<PublicationTypeList>  <PublicationType UI=""D016428"">Journal Article</PublicationType>  <PublicationType UI=""D052061"">Research Support, N.I.H., Extramural</PublicationType>  <PublicationType UI=""D013485"">Research Support, Non-U.S. Gov't</PublicationType>  <PublicationType UI=""D013486"">Research Support, U.S. Gov't, Non-P.H.S.</PublicationType></PublicationTypeList>"
24584049,"<PublicationTypeList>  <PublicationType UI=""D016428"">Journal Article</PublicationType>  <PublicationType UI=""D052061"">Research Support, N.I.H., Extramural</PublicationType>  <PublicationType UI=""D013485"">Research Support, Non-U.S. Gov't</PublicationType>  <PublicationType UI=""D013486"">Research Support, U.S. Gov't, Non-P.H.S.</PublicationType></PublicationTypeList>"
24584050,"<PublicationTypeList>  <PublicationType UI=""D016428"">Journal Article</PublicationType>  <PublicationType UI=""D052061"">Research Support, N.I.H., Extramural</PublicationType>  <PublicationType UI=""D013485"">Research Support, Non-U.S. Gov't</PublicationType>  <PublicationType UI=""D013486"">Research Support, U.S. Gov't, Non-P.H.S.</PublicationType></PublicationTypeList>"
24584051,"<PublicationTypeList>  <PublicationType UI=""D016428"">Journal Article</PublicationType>  <PublicationType UI=""D052061"">Research Support, N.I.H., Extramural</PublicationType>  <PublicationType UI=""D013485"">Research Support, Non-U.S. Gov't</PublicationType>  <PublicationType UI=""D013486"">Research Support, U.S. Gov't, Non-P.H.S.</PublicationType></PublicationTypeList>"
24584052,"<PublicationTypeList>  <PublicationType UI=""D016428"">Journal Article</PublicationType>  <PublicationType UI=""D052061"">Research Support, N.I.H., Extramural</PublicationType>  <PublicationType UI=""D013485"">Research Support, Non-U.S. Gov't</PublicationType>  <PublicationType UI=""D013486"">Research Support, U.S. Gov't, Non-P.H.S.</PublicationType></PublicationTypeList>"
24584053,"<PublicationTypeList>  <PublicationType UI=""D016428"">Journal Article</PublicationType>  <PublicationType UI=""D052061"">Research Support, N.I.H., Extramural</PublicationType>  <PublicationType UI=""D013485"">Research Support, Non-U.S. Gov't</PublicationType>  <PublicationType UI=""D013486"">Research Support, U.S. Gov't, Non-P.H.S.</PublicationType></PublicationTypeList>"
24584054,"<PublicationTypeList>  <PublicationType UI=""D016428"">Journal Article</PublicationType>  <PublicationType UI=""D052061"">Research Support, N.I.H., Extramural</PublicationType>  <PublicationType UI=""D013485"">Research Support, Non-U.S. Gov't</PublicationType>  <PublicationType UI=""D013486"">Research Support, U.S. Gov't, Non-P.H.S.</PublicationType></PublicationTypeList>"
24584070,"<PublicationTypeList>  <PublicationType UI=""D016428"">Journal Article</PublicationType>  <PublicationType UI=""D052061"">Research Support, N.I.H., Extramural</PublicationType>  <PublicationType UI=""D013485"">Research Support, Non-U.S. Gov't</PublicationType>  <PublicationType UI=""D013486"">Research Support, U.S. Gov't, Non-P.H.S.</PublicationType></PublicationTypeList>"
24584071,"<PublicationTypeList>  <PublicationType UI=""D016428"">Journal Article</PublicationType>  <PublicationType UI=""D052061"">Research Support, N.I.H., Extramural</PublicationType>  <PublicationType UI=""D013485"">Research Support, Non-U.S. Gov't</PublicationType>  <PublicationType UI=""D013486"">Research Support, U.S. Gov't, Non-P.H.S.</PublicationType></PublicationTypeList>"
24584072,"<PublicationTypeList>  <PublicationType UI=""D016428"">Journal Article</PublicationType>  <PublicationType UI=""D052061"">Research Support, N.I.H., Extramural</PublicationType>  <PublicationType UI=""D013485"">Research Support, Non-U.S. Gov't</PublicationType>  <PublicationType UI=""D013486"">Research Support, U.S. Gov't, Non-P.H.S.</PublicationType></PublicationTypeList>"
24584096,"<PublicationTypeList>  <PublicationType UI=""D016428"">Journal Article</PublicationType>  <PublicationType UI=""D052061"">Research Support, N.I.H., Extramural</PublicationType>  <PublicationType UI=""D013485"">Research Support, Non-U.S. Gov't</PublicationType>  <PublicationType UI=""D013486"">Research Support, U.S. Gov't, Non-P.H.S.</PublicationType></PublicationTypeList>"
24584101,"<PublicationTypeList>  <PublicationType UI=""D016428"">Journal Article</PublicationType>  <PublicationType UI=""D052061"">Research Support, N.I.H., Extramural</PublicationType>  <PublicationType UI=""D013485"">Research Support, Non-U.S. Gov't</PublicationType>  <PublicationType UI=""D013486"">Research Support, U.S. Gov't, Non-P.H.S.</PublicationType></PublicationTypeList>"
24584102,"<PublicationTypeList>  <PublicationType UI=""D016428"">Journal Article</PublicationType>  <PublicationType UI=""D052061"">Research Support, N.I.H., Extramural</PublicationType>  <PublicationType UI=""D013485"">Research Support, Non-U.S. Gov't</PublicationType>  <PublicationType UI=""D013486"">Research Support, U.S. Gov't, Non-P.H.S.</PublicationType></PublicationTypeList>"
24584117,"<PublicationTypeList>  <PublicationType UI=""D016428"">Journal Article</PublicationType>  <PublicationType UI=""D052061"">Research Support, N.I.H., Extramural</PublicationType>  <PublicationType UI=""D013485"">Research Support, Non-U.S. Gov't</PublicationType>  <PublicationType UI=""D013486"">Research Support, U.S. Gov't, Non-P.H.S.</PublicationType></PublicationTypeList>"
24584118,"<PublicationTypeList>  <PublicationType UI=""D016428"">Journal Article</PublicationType>  <PublicationType UI=""D052061"">Research Support, N.I.H., Extramural</PublicationType>  <PublicationType UI=""D013485"">Research Support, Non-U.S. Gov't</PublicationType>  <PublicationType UI=""D013486"">Research Support, U.S. Gov't, Non-P.H.S.</PublicationType></PublicationTypeList>"
24584119,"<PublicationTypeList>  <PublicationType UI=""D016428"">Journal Article</PublicationType>  <PublicationType UI=""D052061"">Research Support, N.I.H., Extramural</PublicationType>  <PublicationType UI=""D013485"">Research Support, Non-U.S. Gov't</PublicationType>  <PublicationType UI=""D013486"">Research Support, U.S. Gov't, Non-P.H.S.</PublicationType></PublicationTypeList>"
24603786,"<PublicationTypeList>  <PublicationType UI=""D016428"">Journal Article</PublicationType>  <PublicationType UI=""D052061"">Research Support, N.I.H., Extramural</PublicationType>  <PublicationType UI=""D013485"">Research Support, Non-U.S. Gov't</PublicationType>  <PublicationType UI=""D013486"">Research Support, U.S. Gov't, Non-P.H.S.</PublicationType></PublicationTypeList>"
24603795,"<PublicationTypeList>  <PublicationType UI=""D016428"">Journal Article</PublicationType>  <PublicationType UI=""D052061"">Research Support, N.I.H., Extramural</PublicationType>  <PublicationType UI=""D013485"">Research Support, Non-U.S. Gov't</PublicationType>  <PublicationType UI=""D013486"">Research Support, U.S. Gov't, Non-P.H.S.</PublicationType></PublicationTypeList>"
24603796,"<PublicationTypeList>  <PublicationType UI=""D016428"">Journal Article</PublicationType>  <PublicationType UI=""D052061"">Research Support, N.I.H., Extramural</PublicationType>  <PublicationType UI=""D013485"">Research Support, Non-U.S. Gov't</PublicationType>  <PublicationType UI=""D013486"">Research Support, U.S. Gov't, Non-P.H.S.</PublicationType></PublicationTypeList>"
24603797,"<PublicationTypeList>  <PublicationType UI=""D016428"">Journal Article</PublicationType>  <PublicationType UI=""D052061"">Research Support, N.I.H., Extramural</PublicationType>  <PublicationType UI=""D013485"">Research Support, Non-U.S. Gov't</PublicationType>  <PublicationType UI=""D013486"">Research Support, U.S. Gov't, Non-P.H.S.</PublicationType></PublicationTypeList>"
24607220,"<PublicationTypeList>  <PublicationType UI=""D016428"">Journal Article</PublicationType>  <PublicationType UI=""D052061"">Research Support, N.I.H., Extramural</PublicationType>  <PublicationType UI=""D013485"">Research Support, Non-U.S. Gov't</PublicationType>  <PublicationType UI=""D013486"">Research Support, U.S. Gov't, Non-P.H.S.</PublicationType></PublicationTypeList>"
24607221,"<PublicationTypeList>  <PublicationType UI=""D016428"">Journal Article</PublicationType>  <PublicationType UI=""D052061"">Research Support, N.I.H., Extramural</PublicationType>  <PublicationType UI=""D013485"">Research Support, Non-U.S. Gov't</PublicationType>  <PublicationType UI=""D013486"">Research Support, U.S. Gov't, Non-P.H.S.</PublicationType></PublicationTypeList>"
24607222,"<PublicationTypeList>  <PublicationType UI=""D016428"">Journal Article</PublicationType>  <PublicationType UI=""D052061"">Research Support, N.I.H., Extramural</PublicationType>  <PublicationType UI=""D013485"">Research Support, Non-U.S. Gov't</PublicationType>  <PublicationType UI=""D013486"">Research Support, U.S. Gov't, Non-P.H.S.</PublicationType></PublicationTypeList>"
24607223,"<PublicationTypeList>  <PublicationType UI=""D016428"">Journal Article</PublicationType>  <PublicationType UI=""D052061"">Research Support, N.I.H., Extramural</PublicationType>  <PublicationType UI=""D013485"">Research Support, Non-U.S. Gov't</PublicationType>  <PublicationType UI=""D013486"">Research Support, U.S. Gov't, Non-P.H.S.</PublicationType></PublicationTypeList>"
24607224,"<PublicationTypeList>  <PublicationType UI=""D016428"">Journal Article</PublicationType>  <PublicationType UI=""D052061"">Research Support, N.I.H., Extramural</PublicationType>  <PublicationType UI=""D013485"">Research Support, Non-U.S. Gov't</PublicationType>  <PublicationType UI=""D013486"">Research Support, U.S. Gov't, Non-P.H.S.</PublicationType></PublicationTypeList>"
24607225,"<PublicationTypeList>  <PublicationType UI=""D016428"">Journal Article</PublicationType>  <PublicationType UI=""D052061"">Research Support, N.I.H., Extramural</PublicationType>  <PublicationType UI=""D013485"">Research Support, Non-U.S. Gov't</PublicationType>  <PublicationType UI=""D013486"">Research Support, U.S. Gov't, Non-P.H.S.</PublicationType></PublicationTypeList>"
24607226,"<PublicationTypeList>  <PublicationType UI=""D016428"">Journal Article</PublicationType>  <PublicationType UI=""D052061"">Research Support, N.I.H., Extramural</PublicationType>  <PublicationType UI=""D013485"">Research Support, Non-U.S. Gov't</PublicationType>  <PublicationType UI=""D013486"">Research Support, U.S. Gov't, Non-P.H.S.</PublicationType></PublicationTypeList>"
24607227,"<PublicationTypeList>  <PublicationType UI=""D016428"">Journal Article</PublicationType>  <PublicationType UI=""D052061"">Research Support, N.I.H., Extramural</PublicationType>  <PublicationType UI=""D013485"">Research Support, Non-U.S. Gov't</PublicationType>  <PublicationType UI=""D013486"">Research Support, U.S. Gov't, Non-P.H.S.</PublicationType></PublicationTypeList>"
24607228,"<PublicationTypeList>  <PublicationType UI=""D016428"">Journal Article</PublicationType>  <PublicationType UI=""D052061"">Research Support, N.I.H., Extramural</PublicationType>  <PublicationType UI=""D013485"">Research Support, Non-U.S. Gov't</PublicationType>  <PublicationType UI=""D013486"">Research Support, U.S. Gov't, Non-P.H.S.</PublicationType></PublicationTypeList>"
24607229,"<PublicationTypeList>  <PublicationType UI=""D016428"">Journal Article</PublicationType>  <PublicationType UI=""D052061"">Research Support, N.I.H., Extramural</PublicationType>  <PublicationType UI=""D013485"">Research Support, Non-U.S. Gov't</PublicationType>  <PublicationType UI=""D013486"">Research Support, U.S. Gov't, Non-P.H.S.</PublicationType></PublicationTypeList>"
24607230,"<PublicationTypeList>  <PublicationType UI=""D016428"">Journal Article</PublicationType>  <PublicationType UI=""D052061"">Research Support, N.I.H., Extramural</PublicationType>  <PublicationType UI=""D013485"">Research Support, Non-U.S. Gov't</PublicationType>  <PublicationType UI=""D013486"">Research Support, U.S. Gov't, Non-P.H.S.</PublicationType></PublicationTypeList>"
24607231,"<PublicationTypeList>  <PublicationType UI=""D016428"">Journal Article</PublicationType>  <PublicationType UI=""D052061"">Research Support, N.I.H., Extramural</PublicationType>  <PublicationType UI=""D013485"">Research Support, Non-U.S. Gov't</PublicationType>  <PublicationType UI=""D013486"">Research Support, U.S. Gov't, Non-P.H.S.</PublicationType></PublicationTypeList>"
24607232,"<PublicationTypeList>  <PublicationType UI=""D016428"">Journal Article</PublicationType>  <PublicationType UI=""D052061"">Research Support, N.I.H., Extramural</PublicationType>  <PublicationType UI=""D013485"">Research Support, Non-U.S. Gov't</PublicationType>  <PublicationType UI=""D013486"">Research Support, U.S. Gov't, Non-P.H.S.</PublicationType></PublicationTypeList>"
24607233,"<PublicationTypeList>  <PublicationType UI=""D016428"">Journal Article</PublicationType>  <PublicationType UI=""D052061"">Research Support, N.I.H., Extramural</PublicationType>  <PublicationType UI=""D013485"">Research Support, Non-U.S. Gov't</PublicationType>  <PublicationType UI=""D013486"">Research Support, U.S. Gov't, Non-P.H.S.</PublicationType></PublicationTypeList>"
24607234,"<PublicationTypeList>  <PublicationType UI=""D016428"">Journal Article</PublicationType>  <PublicationType UI=""D052061"">Research Support, N.I.H., Extramural</PublicationType>  <PublicationType UI=""D013485"">Research Support, Non-U.S. Gov't</PublicationType>  <PublicationType UI=""D013486"">Research Support, U.S. Gov't, Non-P.H.S.</PublicationType></PublicationTypeList>"
24607235,"<PublicationTypeList>  <PublicationType UI=""D016428"">Journal Article</PublicationType>  <PublicationType UI=""D052061"">Research Support, N.I.H., Extramural</PublicationType>  <PublicationType UI=""D013485"">Research Support, Non-U.S. Gov't</PublicationType>  <PublicationType UI=""D013486"">Research Support, U.S. Gov't, Non-P.H.S.</PublicationType></PublicationTypeList>"
24607236,"<PublicationTypeList>  <PublicationType UI=""D016428"">Journal Article</PublicationType>  <PublicationType UI=""D052061"">Research Support, N.I.H., Extramural</PublicationType>  <PublicationType UI=""D013485"">Research Support, Non-U.S. Gov't</PublicationType>  <PublicationType UI=""D013486"">Research Support, U.S. Gov't, Non-P.H.S.</PublicationType></PublicationTypeList>"
24607398,"<PublicationTypeList>  <PublicationType UI=""D016428"">Journal Article</PublicationType>  <PublicationType UI=""D052061"">Research Support, N.I.H., Extramural</PublicationType>  <PublicationType UI=""D013485"">Research Support, Non-U.S. Gov't</PublicationType>  <PublicationType UI=""D013486"">Research Support, U.S. Gov't, Non-P.H.S.</PublicationType></PublicationTypeList>"
24607399,"<PublicationTypeList>  <PublicationType UI=""D016428"">Journal Article</PublicationType>  <PublicationType UI=""D052061"">Research Support, N.I.H., Extramural</PublicationType>  <PublicationType UI=""D013485"">Research Support, Non-U.S. Gov't</PublicationType>  <PublicationType UI=""D013486"">Research Support, U.S. Gov't, Non-P.H.S.</PublicationType></PublicationTypeList>"
24607400,"<PublicationTypeList>  <PublicationType UI=""D016428"">Journal Article</PublicationType>  <PublicationType UI=""D052061"">Research Support, N.I.H., Extramural</PublicationType>  <PublicationType UI=""D013485"">Research Support, Non-U.S. Gov't</PublicationType>  <PublicationType UI=""D013486"">Research Support, U.S. Gov't, Non-P.H.S.</PublicationType></PublicationTypeList>"
24607401,"<PublicationTypeList>  <PublicationType UI=""D016428"">Journal Article</PublicationType>  <PublicationType UI=""D052061"">Research Support, N.I.H., Extramural</PublicationType>  <PublicationType UI=""D013485"">Research Support, Non-U.S. Gov't</PublicationType>  <PublicationType UI=""D013486"">Research Support, U.S. Gov't, Non-P.H.S.</PublicationType></PublicationTypeList>"
24607402,"<PublicationTypeList>  <PublicationType UI=""D016428"">Journal Article</PublicationType>  <PublicationType UI=""D052061"">Research Support, N.I.H., Extramural</PublicationType>  <PublicationType UI=""D013485"">Research Support, Non-U.S. Gov't</PublicationType>  <PublicationType UI=""D013486"">Research Support, U.S. Gov't, Non-P.H.S.</PublicationType></PublicationTypeList>"
24607403,"<PublicationTypeList>  <PublicationType UI=""D016428"">Journal Article</PublicationType>  <PublicationType UI=""D052061"">Research Support, N.I.H., Extramural</PublicationType>  <PublicationType UI=""D013485"">Research Support, Non-U.S. Gov't</PublicationType>  <PublicationType UI=""D013486"">Research Support, U.S. Gov't, Non-P.H.S.</PublicationType></PublicationTypeList>"
24607404,"<PublicationTypeList>  <PublicationType UI=""D016428"">Journal Article</PublicationType>  <PublicationType UI=""D052061"">Research Support, N.I.H., Extramural</PublicationType>  <PublicationType UI=""D013485"">Research Support, Non-U.S. Gov't</PublicationType>  <PublicationType UI=""D013486"">Research Support, U.S. Gov't, Non-P.H.S.</PublicationType></PublicationTypeList>"
24607405,"<PublicationTypeList>  <PublicationType UI=""D016428"">Journal Article</PublicationType>  <PublicationType UI=""D052061"">Research Support, N.I.H., Extramural</PublicationType>  <PublicationType UI=""D013485"">Research Support, Non-U.S. Gov't</PublicationType>  <PublicationType UI=""D013486"">Research Support, U.S. Gov't, Non-P.H.S.</PublicationType></PublicationTypeList>"
24607406,"<PublicationTypeList>  <PublicationType UI=""D016428"">Journal Article</PublicationType>  <PublicationType UI=""D052061"">Research Support, N.I.H., Extramural</PublicationType>  <PublicationType UI=""D013485"">Research Support, Non-U.S. Gov't</PublicationType>  <PublicationType UI=""D013486"">Research Support, U.S. Gov't, Non-P.H.S.</PublicationType></PublicationTypeList>"
24607407,"<PublicationTypeList>  <PublicationType UI=""D016428"">Journal Article</PublicationType>  <PublicationType UI=""D052061"">Research Support, N.I.H., Extramural</PublicationType>  <PublicationType UI=""D013485"">Research Support, Non-U.S. Gov't</PublicationType>  <PublicationType UI=""D013486"">Research Support, U.S. Gov't, Non-P.H.S.</PublicationType></PublicationTypeList>"
24608097,"<PublicationTypeList>  <PublicationType UI=""D016428"">Journal Article</PublicationType>  <PublicationType UI=""D052061"">Research Support, N.I.H., Extramural</PublicationType>  <PublicationType UI=""D013485"">Research Support, Non-U.S. Gov't</PublicationType>  <PublicationType UI=""D013486"">Research Support, U.S. Gov't, Non-P.H.S.</PublicationType></PublicationTypeList>"
24609268,"<PublicationTypeList>  <PublicationType UI=""D016428"">Journal Article</PublicationType>  <PublicationType UI=""D052061"">Research Support, N.I.H., Extramural</PublicationType>  <PublicationType UI=""D013485"">Research Support, Non-U.S. Gov't</PublicationType>  <PublicationType UI=""D013486"">Research Support, U.S. Gov't, Non-P.H.S.</PublicationType></PublicationTypeList>"
24609269,"<PublicationTypeList>  <PublicationType UI=""D016428"">Journal Article</PublicationType>  <PublicationType UI=""D052061"">Research Support, N.I.H., Extramural</PublicationType>  <PublicationType UI=""D013485"">Research Support, Non-U.S. Gov't</PublicationType>  <PublicationType UI=""D013486"">Research Support, U.S. Gov't, Non-P.H.S.</PublicationType></PublicationTypeList>"
24609358,"<PublicationTypeList>  <PublicationType UI=""D016428"">Journal Article</PublicationType>  <PublicationType UI=""D052061"">Research Support, N.I.H., Extramural</PublicationType>  <PublicationType UI=""D013485"">Research Support, Non-U.S. Gov't</PublicationType>  <PublicationType UI=""D013486"">Research Support, U.S. Gov't, Non-P.H.S.</PublicationType></PublicationTypeList>"
24609359,"<PublicationTypeList>  <PublicationType UI=""D016428"">Journal Article</PublicationType>  <PublicationType UI=""D052061"">Research Support, N.I.H., Extramural</PublicationType>  <PublicationType UI=""D013485"">Research Support, Non-U.S. Gov't</PublicationType>  <PublicationType UI=""D013486"">Research Support, U.S. Gov't, Non-P.H.S.</PublicationType></PublicationTypeList>"
24609361,"<PublicationTypeList>  <PublicationType UI=""D016428"">Journal Article</PublicationType>  <PublicationType UI=""D052061"">Research Support, N.I.H., Extramural</PublicationType>  <PublicationType UI=""D013485"">Research Support, Non-U.S. Gov't</PublicationType>  <PublicationType UI=""D013486"">Research Support, U.S. Gov't, Non-P.H.S.</PublicationType></PublicationTypeList>"
24609463,"<PublicationTypeList>  <PublicationType UI=""D016428"">Journal Article</PublicationType>  <PublicationType UI=""D052061"">Research Support, N.I.H., Extramural</PublicationType>  <PublicationType UI=""D013485"">Research Support, Non-U.S. Gov't</PublicationType>  <PublicationType UI=""D013486"">Research Support, U.S. Gov't, Non-P.H.S.</PublicationType></PublicationTypeList>"
24609464,"<PublicationTypeList>  <PublicationType UI=""D016428"">Journal Article</PublicationType>  <PublicationType UI=""D052061"">Research Support, N.I.H., Extramural</PublicationType>  <PublicationType UI=""D013485"">Research Support, Non-U.S. Gov't</PublicationType>  <PublicationType UI=""D013486"">Research Support, U.S. Gov't, Non-P.H.S.</PublicationType></PublicationTypeList>"
24609465,"<PublicationTypeList>  <PublicationType UI=""D016428"">Journal Article</PublicationType>  <PublicationType UI=""D052061"">Research Support, N.I.H., Extramural</PublicationType>  <PublicationType UI=""D013485"">Research Support, Non-U.S. Gov't</PublicationType>  <PublicationType UI=""D013486"">Research Support, U.S. Gov't, Non-P.H.S.</PublicationType></PublicationTypeList>"
24609466,"<PublicationTypeList>  <PublicationType UI=""D016428"">Journal Article</PublicationType>  <PublicationType UI=""D052061"">Research Support, N.I.H., Extramural</PublicationType>  <PublicationType UI=""D013485"">Research Support, Non-U.S. Gov't</PublicationType>  <PublicationType UI=""D013486"">Research Support, U.S. Gov't, Non-P.H.S.</PublicationType></PublicationTypeList>"
24613417,"<PublicationTypeList>  <PublicationType UI=""D016428"">Journal Article</PublicationType>  <PublicationType UI=""D052061"">Research Support, N.I.H., Extramural</PublicationType>  <PublicationType UI=""D013485"">Research Support, Non-U.S. Gov't</PublicationType>  <PublicationType UI=""D013486"">Research Support, U.S. Gov't, Non-P.H.S.</PublicationType></PublicationTypeList>"
24613418,"<PublicationTypeList>  <PublicationType UI=""D016428"">Journal Article</PublicationType>  <PublicationType UI=""D052061"">Research Support, N.I.H., Extramural</PublicationType>  <PublicationType UI=""D013485"">Research Support, Non-U.S. Gov't</PublicationType>  <PublicationType UI=""D013486"">Research Support, U.S. Gov't, Non-P.H.S.</PublicationType></PublicationTypeList>"
24614070,"<PublicationTypeList>  <PublicationType UI=""D016428"">Journal Article</PublicationType>  <PublicationType UI=""D052061"">Research Support, N.I.H., Extramural</PublicationType>  <PublicationType UI=""D013485"">Research Support, Non-U.S. Gov't</PublicationType>  <PublicationType UI=""D013486"">Research Support, U.S. Gov't, Non-P.H.S.</PublicationType></PublicationTypeList>"
24614071,"<PublicationTypeList>  <PublicationType UI=""D016428"">Journal Article</PublicationType>  <PublicationType UI=""D052061"">Research Support, N.I.H., Extramural</PublicationType>  <PublicationType UI=""D013485"">Research Support, Non-U.S. Gov't</PublicationType>  <PublicationType UI=""D013486"">Research Support, U.S. Gov't, Non-P.H.S.</PublicationType></PublicationTypeList>"
24614072,"<PublicationTypeList>  <PublicationType UI=""D016428"">Journal Article</PublicationType>  <PublicationType UI=""D052061"">Research Support, N.I.H., Extramural</PublicationType>  <PublicationType UI=""D013485"">Research Support, Non-U.S. Gov't</PublicationType>  <PublicationType UI=""D013486"">Research Support, U.S. Gov't, Non-P.H.S.</PublicationType></PublicationTypeList>"
24614073,"<PublicationTypeList>  <PublicationType UI=""D016428"">Journal Article</PublicationType>  <PublicationType UI=""D052061"">Research Support, N.I.H., Extramural</PublicationType>  <PublicationType UI=""D013485"">Research Support, Non-U.S. Gov't</PublicationType>  <PublicationType UI=""D013486"">Research Support, U.S. Gov't, Non-P.H.S.</PublicationType></PublicationTypeList>"
24630793,"<PublicationTypeList>  <PublicationType UI=""D016428"">Journal Article</PublicationType>  <PublicationType UI=""D052061"">Research Support, N.I.H., Extramural</PublicationType>  <PublicationType UI=""D013485"">Research Support, Non-U.S. Gov't</PublicationType>  <PublicationType UI=""D013486"">Research Support, U.S. Gov't, Non-P.H.S.</PublicationType></PublicationTypeList>"
24630794,"<PublicationTypeList>  <PublicationType UI=""D016428"">Journal Article</PublicationType>  <PublicationType UI=""D052061"">Research Support, N.I.H., Extramural</PublicationType>  <PublicationType UI=""D013485"">Research Support, Non-U.S. Gov't</PublicationType>  <PublicationType UI=""D013486"">Research Support, U.S. Gov't, Non-P.H.S.</PublicationType></PublicationTypeList>"
24631344,"<PublicationTypeList>  <PublicationType UI=""D016428"">Journal Article</PublicationType>  <PublicationType UI=""D052061"">Research Support, N.I.H., Extramural</PublicationType>  <PublicationType UI=""D013485"">Research Support, Non-U.S. Gov't</PublicationType>  <PublicationType UI=""D013486"">Research Support, U.S. Gov't, Non-P.H.S.</PublicationType></PublicationTypeList>"
24631345,"<PublicationTypeList>  <PublicationType UI=""D016428"">Journal Article</PublicationType>  <PublicationType UI=""D052061"">Research Support, N.I.H., Extramural</PublicationType>  <PublicationType UI=""D013485"">Research Support, Non-U.S. Gov't</PublicationType>  <PublicationType UI=""D013486"">Research Support, U.S. Gov't, Non-P.H.S.</PublicationType></PublicationTypeList>"
24633127,"<PublicationTypeList>  <PublicationType UI=""D016428"">Journal Article</PublicationType>  <PublicationType UI=""D052061"">Research Support, N.I.H., Extramural</PublicationType>  <PublicationType UI=""D013485"">Research Support, Non-U.S. Gov't</PublicationType>  <PublicationType UI=""D013486"">Research Support, U.S. Gov't, Non-P.H.S.</PublicationType></PublicationTypeList>"
24633157,"<PublicationTypeList>  <PublicationType UI=""D016428"">Journal Article</PublicationType>  <PublicationType UI=""D052061"">Research Support, N.I.H., Extramural</PublicationType>  <PublicationType UI=""D013485"">Research Support, Non-U.S. Gov't</PublicationType>  <PublicationType UI=""D013486"">Research Support, U.S. Gov't, Non-P.H.S.</PublicationType></PublicationTypeList>"
24633158,"<PublicationTypeList>  <PublicationType UI=""D016428"">Journal Article</PublicationType>  <PublicationType UI=""D052061"">Research Support, N.I.H., Extramural</PublicationType>  <PublicationType UI=""D013485"">Research Support, Non-U.S. Gov't</PublicationType>  <PublicationType UI=""D013486"">Research Support, U.S. Gov't, Non-P.H.S.</PublicationType></PublicationTypeList>"
24633159,"<PublicationTypeList>  <PublicationType UI=""D016428"">Journal Article</PublicationType>  <PublicationType UI=""D052061"">Research Support, N.I.H., Extramural</PublicationType>  <PublicationType UI=""D013485"">Research Support, Non-U.S. Gov't</PublicationType>  <PublicationType UI=""D013486"">Research Support, U.S. Gov't, Non-P.H.S.</PublicationType></PublicationTypeList>"
24633160,"<PublicationTypeList>  <PublicationType UI=""D016428"">Journal Article</PublicationType>  <PublicationType UI=""D052061"">Research Support, N.I.H., Extramural</PublicationType>  <PublicationType UI=""D013485"">Research Support, Non-U.S. Gov't</PublicationType>  <PublicationType UI=""D013486"">Research Support, U.S. Gov't, Non-P.H.S.</PublicationType></PublicationTypeList>"
24633240,"<PublicationTypeList>  <PublicationType UI=""D016428"">Journal Article</PublicationType>  <PublicationType UI=""D052061"">Research Support, N.I.H., Extramural</PublicationType>  <PublicationType UI=""D013485"">Research Support, Non-U.S. Gov't</PublicationType>  <PublicationType UI=""D013486"">Research Support, U.S. Gov't, Non-P.H.S.</PublicationType></PublicationTypeList>"
24633241,"<PublicationTypeList>  <PublicationType UI=""D016428"">Journal Article</PublicationType>  <PublicationType UI=""D052061"">Research Support, N.I.H., Extramural</PublicationType>  <PublicationType UI=""D013485"">Research Support, Non-U.S. Gov't</PublicationType>  <PublicationType UI=""D013486"">Research Support, U.S. Gov't, Non-P.H.S.</PublicationType></PublicationTypeList>"
24633242,"<PublicationTypeList>  <PublicationType UI=""D016428"">Journal Article</PublicationType>  <PublicationType UI=""D052061"">Research Support, N.I.H., Extramural</PublicationType>  <PublicationType UI=""D013485"">Research Support, Non-U.S. Gov't</PublicationType>  <PublicationType UI=""D013486"">Research Support, U.S. Gov't, Non-P.H.S.</PublicationType></PublicationTypeList>"
24633243,"<PublicationTypeList>  <PublicationType UI=""D016428"">Journal Article</PublicationType>  <PublicationType UI=""D052061"">Research Support, N.I.H., Extramural</PublicationType>  <PublicationType UI=""D013485"">Research Support, Non-U.S. Gov't</PublicationType>  <PublicationType UI=""D013486"">Research Support, U.S. Gov't, Non-P.H.S.</PublicationType></PublicationTypeList>"
24633304,"<PublicationTypeList>  <PublicationType UI=""D016428"">Journal Article</PublicationType>  <PublicationType UI=""D052061"">Research Support, N.I.H., Extramural</PublicationType>  <PublicationType UI=""D013485"">Research Support, Non-U.S. Gov't</PublicationType>  <PublicationType UI=""D013486"">Research Support, U.S. Gov't, Non-P.H.S.</PublicationType></PublicationTypeList>"
24633305,"<PublicationTypeList>  <PublicationType UI=""D016428"">Journal Article</PublicationType>  <PublicationType UI=""D052061"">Research Support, N.I.H., Extramural</PublicationType>  <PublicationType UI=""D013485"">Research Support, Non-U.S. Gov't</PublicationType>  <PublicationType UI=""D013486"">Research Support, U.S. Gov't, Non-P.H.S.</PublicationType></PublicationTypeList>"
24633326,"<PublicationTypeList>  <PublicationType UI=""D016428"">Journal Article</PublicationType>  <PublicationType UI=""D052061"">Research Support, N.I.H., Extramural</PublicationType>  <PublicationType UI=""D013485"">Research Support, Non-U.S. Gov't</PublicationType>  <PublicationType UI=""D013486"">Research Support, U.S. Gov't, Non-P.H.S.</PublicationType></PublicationTypeList>"
24633327,"<PublicationTypeList>  <PublicationType UI=""D016428"">Journal Article</PublicationType>  <PublicationType UI=""D052061"">Research Support, N.I.H., Extramural</PublicationType>  <PublicationType UI=""D013485"">Research Support, Non-U.S. Gov't</PublicationType>  <PublicationType UI=""D013486"">Research Support, U.S. Gov't, Non-P.H.S.</PublicationType></PublicationTypeList>"
24633353,"<PublicationTypeList>  <PublicationType UI=""D016428"">Journal Article</PublicationType>  <PublicationType UI=""D052061"">Research Support, N.I.H., Extramural</PublicationType>  <PublicationType UI=""D013485"">Research Support, Non-U.S. Gov't</PublicationType>  <PublicationType UI=""D013486"">Research Support, U.S. Gov't, Non-P.H.S.</PublicationType></PublicationTypeList>"
24633354,"<PublicationTypeList>  <PublicationType UI=""D016428"">Journal Article</PublicationType>  <PublicationType UI=""D052061"">Research Support, N.I.H., Extramural</PublicationType>  <PublicationType UI=""D013485"">Research Support, Non-U.S. Gov't</PublicationType>  <PublicationType UI=""D013486"">Research Support, U.S. Gov't, Non-P.H.S.</PublicationType></PublicationTypeList>"
24643238,"<PublicationTypeList>  <PublicationType UI=""D016428"">Journal Article</PublicationType>  <PublicationType UI=""D052061"">Research Support, N.I.H., Extramural</PublicationType>  <PublicationType UI=""D013485"">Research Support, Non-U.S. Gov't</PublicationType>  <PublicationType UI=""D013486"">Research Support, U.S. Gov't, Non-P.H.S.</PublicationType></PublicationTypeList>"
24656244,"<PublicationTypeList>  <PublicationType UI=""D016428"">Journal Article</PublicationType>  <PublicationType UI=""D052061"">Research Support, N.I.H., Extramural</PublicationType>  <PublicationType UI=""D013485"">Research Support, Non-U.S. Gov't</PublicationType>  <PublicationType UI=""D013486"">Research Support, U.S. Gov't, Non-P.H.S.</PublicationType></PublicationTypeList>"
24656245,"<PublicationTypeList>  <PublicationType UI=""D016428"">Journal Article</PublicationType>  <PublicationType UI=""D052061"">Research Support, N.I.H., Extramural</PublicationType>  <PublicationType UI=""D013485"">Research Support, Non-U.S. Gov't</PublicationType>  <PublicationType UI=""D013486"">Research Support, U.S. Gov't, Non-P.H.S.</PublicationType></PublicationTypeList>"
24656246,"<PublicationTypeList>  <PublicationType UI=""D016428"">Journal Article</PublicationType>  <PublicationType UI=""D052061"">Research Support, N.I.H., Extramural</PublicationType>  <PublicationType UI=""D013485"">Research Support, Non-U.S. Gov't</PublicationType>  <PublicationType UI=""D013486"">Research Support, U.S. Gov't, Non-P.H.S.</PublicationType></PublicationTypeList>"
24656247,"<PublicationTypeList>  <PublicationType UI=""D016428"">Journal Article</PublicationType>  <PublicationType UI=""D052061"">Research Support, N.I.H., Extramural</PublicationType>  <PublicationType UI=""D013485"">Research Support, Non-U.S. Gov't</PublicationType>  <PublicationType UI=""D013486"">Research Support, U.S. Gov't, Non-P.H.S.</PublicationType></PublicationTypeList>"
24656248,"<PublicationTypeList>  <PublicationType UI=""D016428"">Journal Article</PublicationType>  <PublicationType UI=""D052061"">Research Support, N.I.H., Extramural</PublicationType>  <PublicationType UI=""D013485"">Research Support, Non-U.S. Gov't</PublicationType>  <PublicationType UI=""D013486"">Research Support, U.S. Gov't, Non-P.H.S.</PublicationType></PublicationTypeList>"
24656249,"<PublicationTypeList>  <PublicationType UI=""D016428"">Journal Article</PublicationType>  <PublicationType UI=""D052061"">Research Support, N.I.H., Extramural</PublicationType>  <PublicationType UI=""D013485"">Research Support, Non-U.S. Gov't</PublicationType>  <PublicationType UI=""D013486"">Research Support, U.S. Gov't, Non-P.H.S.</PublicationType></PublicationTypeList>"
24656250,"<PublicationTypeList>  <PublicationType UI=""D016428"">Journal Article</PublicationType>  <PublicationType UI=""D052061"">Research Support, N.I.H., Extramural</PublicationType>  <PublicationType UI=""D013485"">Research Support, Non-U.S. Gov't</PublicationType>  <PublicationType UI=""D013486"">Research Support, U.S. Gov't, Non-P.H.S.</PublicationType></PublicationTypeList>"
24656251,"<PublicationTypeList>  <PublicationType UI=""D016428"">Journal Article</PublicationType>  <PublicationType UI=""D052061"">Research Support, N.I.H., Extramural</PublicationType>  <PublicationType UI=""D013485"">Research Support, Non-U.S. Gov't</PublicationType>  <PublicationType UI=""D013486"">Research Support, U.S. Gov't, Non-P.H.S.</PublicationType></PublicationTypeList>"
24656252,"<PublicationTypeList>  <PublicationType UI=""D016428"">Journal Article</PublicationType>  <PublicationType UI=""D052061"">Research Support, N.I.H., Extramural</PublicationType>  <PublicationType UI=""D013485"">Research Support, Non-U.S. Gov't</PublicationType>  <PublicationType UI=""D013486"">Research Support, U.S. Gov't, Non-P.H.S.</PublicationType></PublicationTypeList>"
24656253,"<PublicationTypeList>  <PublicationType UI=""D016428"">Journal Article</PublicationType>  <PublicationType UI=""D052061"">Research Support, N.I.H., Extramural</PublicationType>  <PublicationType UI=""D013485"">Research Support, Non-U.S. Gov't</PublicationType>  <PublicationType UI=""D013486"">Research Support, U.S. Gov't, Non-P.H.S.</PublicationType></PublicationTypeList>"
24656254,"<PublicationTypeList>  <PublicationType UI=""D016428"">Journal Article</PublicationType>  <PublicationType UI=""D052061"">Research Support, N.I.H., Extramural</PublicationType>  <PublicationType UI=""D013485"">Research Support, Non-U.S. Gov't</PublicationType>  <PublicationType UI=""D013486"">Research Support, U.S. Gov't, Non-P.H.S.</PublicationType></PublicationTypeList>"
24656255,"<PublicationTypeList>  <PublicationType UI=""D016428"">Journal Article</PublicationType>  <PublicationType UI=""D052061"">Research Support, N.I.H., Extramural</PublicationType>  <PublicationType UI=""D013485"">Research Support, Non-U.S. Gov't</PublicationType>  <PublicationType UI=""D013486"">Research Support, U.S. Gov't, Non-P.H.S.</PublicationType></PublicationTypeList>"
24656256,"<PublicationTypeList>  <PublicationType UI=""D016428"">Journal Article</PublicationType>  <PublicationType UI=""D052061"">Research Support, N.I.H., Extramural</PublicationType>  <PublicationType UI=""D013485"">Research Support, Non-U.S. Gov't</PublicationType>  <PublicationType UI=""D013486"">Research Support, U.S. Gov't, Non-P.H.S.</PublicationType></PublicationTypeList>"
24656257,"<PublicationTypeList>  <PublicationType UI=""D016428"">Journal Article</PublicationType>  <PublicationType UI=""D052061"">Research Support, N.I.H., Extramural</PublicationType>  <PublicationType UI=""D013485"">Research Support, Non-U.S. Gov't</PublicationType>  <PublicationType UI=""D013486"">Research Support, U.S. Gov't, Non-P.H.S.</PublicationType></PublicationTypeList>"
24656258,"<PublicationTypeList>  <PublicationType UI=""D016428"">Journal Article</PublicationType>  <PublicationType UI=""D052061"">Research Support, N.I.H., Extramural</PublicationType>  <PublicationType UI=""D013485"">Research Support, Non-U.S. Gov't</PublicationType>  <PublicationType UI=""D013486"">Research Support, U.S. Gov't, Non-P.H.S.</PublicationType></PublicationTypeList>"
24656259,"<PublicationTypeList>  <PublicationType UI=""D016428"">Journal Article</PublicationType>  <PublicationType UI=""D052061"">Research Support, N.I.H., Extramural</PublicationType>  <PublicationType UI=""D013485"">Research Support, Non-U.S. Gov't</PublicationType>  <PublicationType UI=""D013486"">Research Support, U.S. Gov't, Non-P.H.S.</PublicationType></PublicationTypeList>"
24656769,"<PublicationTypeList>  <PublicationType UI=""D016428"">Journal Article</PublicationType>  <PublicationType UI=""D052061"">Research Support, N.I.H., Extramural</PublicationType>  <PublicationType UI=""D013485"">Research Support, Non-U.S. Gov't</PublicationType>  <PublicationType UI=""D013486"">Research Support, U.S. Gov't, Non-P.H.S.</PublicationType></PublicationTypeList>"
24656931,"<PublicationTypeList>  <PublicationType UI=""D016428"">Journal Article</PublicationType>  <PublicationType UI=""D052061"">Research Support, N.I.H., Extramural</PublicationType>  <PublicationType UI=""D013485"">Research Support, Non-U.S. Gov't</PublicationType>  <PublicationType UI=""D013486"">Research Support, U.S. Gov't, Non-P.H.S.</PublicationType></PublicationTypeList>"
24656932,"<PublicationTypeList>  <PublicationType UI=""D016428"">Journal Article</PublicationType>  <PublicationType UI=""D052061"">Research Support, N.I.H., Extramural</PublicationType>  <PublicationType UI=""D013485"">Research Support, Non-U.S. Gov't</PublicationType>  <PublicationType UI=""D013486"">Research Support, U.S. Gov't, Non-P.H.S.</PublicationType></PublicationTypeList>"
24657929,"<PublicationTypeList>  <PublicationType UI=""D016428"">Journal Article</PublicationType>  <PublicationType UI=""D052061"">Research Support, N.I.H., Extramural</PublicationType>  <PublicationType UI=""D013485"">Research Support, Non-U.S. Gov't</PublicationType>  <PublicationType UI=""D013486"">Research Support, U.S. Gov't, Non-P.H.S.</PublicationType></PublicationTypeList>"
24657930,"<PublicationTypeList>  <PublicationType UI=""D016428"">Journal Article</PublicationType>  <PublicationType UI=""D052061"">Research Support, N.I.H., Extramural</PublicationType>  <PublicationType UI=""D013485"">Research Support, Non-U.S. Gov't</PublicationType>  <PublicationType UI=""D013486"">Research Support, U.S. Gov't, Non-P.H.S.</PublicationType></PublicationTypeList>"
24657965,"<PublicationTypeList>  <PublicationType UI=""D016428"">Journal Article</PublicationType>  <PublicationType UI=""D052061"">Research Support, N.I.H., Extramural</PublicationType>  <PublicationType UI=""D013485"">Research Support, Non-U.S. Gov't</PublicationType>  <PublicationType UI=""D013486"">Research Support, U.S. Gov't, Non-P.H.S.</PublicationType></PublicationTypeList>"
24657966,"<PublicationTypeList>  <PublicationType UI=""D016428"">Journal Article</PublicationType>  <PublicationType UI=""D052061"">Research Support, N.I.H., Extramural</PublicationType>  <PublicationType UI=""D013485"">Research Support, Non-U.S. Gov't</PublicationType>  <PublicationType UI=""D013486"">Research Support, U.S. Gov't, Non-P.H.S.</PublicationType></PublicationTypeList>"
24657967,"<PublicationTypeList>  <PublicationType UI=""D016428"">Journal Article</PublicationType>  <PublicationType UI=""D052061"">Research Support, N.I.H., Extramural</PublicationType>  <PublicationType UI=""D013485"">Research Support, Non-U.S. Gov't</PublicationType>  <PublicationType UI=""D013486"">Research Support, U.S. Gov't, Non-P.H.S.</PublicationType></PublicationTypeList>"
24657968,"<PublicationTypeList>  <PublicationType UI=""D016428"">Journal Article</PublicationType>  <PublicationType UI=""D052061"">Research Support, N.I.H., Extramural</PublicationType>  <PublicationType UI=""D013485"">Research Support, Non-U.S. Gov't</PublicationType>  <PublicationType UI=""D013486"">Research Support, U.S. Gov't, Non-P.H.S.</PublicationType></PublicationTypeList>"
24658000,"<PublicationTypeList>  <PublicationType UI=""D016428"">Journal Article</PublicationType>  <PublicationType UI=""D052061"">Research Support, N.I.H., Extramural</PublicationType>  <PublicationType UI=""D013485"">Research Support, Non-U.S. Gov't</PublicationType>  <PublicationType UI=""D013486"">Research Support, U.S. Gov't, Non-P.H.S.</PublicationType></PublicationTypeList>"
24658001,"<PublicationTypeList>  <PublicationType UI=""D016428"">Journal Article</PublicationType>  <PublicationType UI=""D052061"">Research Support, N.I.H., Extramural</PublicationType>  <PublicationType UI=""D013485"">Research Support, Non-U.S. Gov't</PublicationType>  <PublicationType UI=""D013486"">Research Support, U.S. Gov't, Non-P.H.S.</PublicationType></PublicationTypeList>"
24658002,"<PublicationTypeList>  <PublicationType UI=""D016428"">Journal Article</PublicationType>  <PublicationType UI=""D052061"">Research Support, N.I.H., Extramural</PublicationType>  <PublicationType UI=""D013485"">Research Support, Non-U.S. Gov't</PublicationType>  <PublicationType UI=""D013486"">Research Support, U.S. Gov't, Non-P.H.S.</PublicationType></PublicationTypeList>"
24658003,"<PublicationTypeList>  <PublicationType UI=""D016428"">Journal Article</PublicationType>  <PublicationType UI=""D052061"">Research Support, N.I.H., Extramural</PublicationType>  <PublicationType UI=""D013485"">Research Support, Non-U.S. Gov't</PublicationType>  <PublicationType UI=""D013486"">Research Support, U.S. Gov't, Non-P.H.S.</PublicationType></PublicationTypeList>"
24658004,"<PublicationTypeList>  <PublicationType UI=""D016428"">Journal Article</PublicationType>  <PublicationType UI=""D052061"">Research Support, N.I.H., Extramural</PublicationType>  <PublicationType UI=""D013485"">Research Support, Non-U.S. Gov't</PublicationType>  <PublicationType UI=""D013486"">Research Support, U.S. Gov't, Non-P.H.S.</PublicationType></PublicationTypeList>"
24658074,"<PublicationTypeList>  <PublicationType UI=""D016428"">Journal Article</PublicationType>  <PublicationType UI=""D052061"">Research Support, N.I.H., Extramural</PublicationType>  <PublicationType UI=""D013485"">Research Support, Non-U.S. Gov't</PublicationType>  <PublicationType UI=""D013486"">Research Support, U.S. Gov't, Non-P.H.S.</PublicationType></PublicationTypeList>"
24658075,"<PublicationTypeList>  <PublicationType UI=""D016428"">Journal Article</PublicationType>  <PublicationType UI=""D052061"">Research Support, N.I.H., Extramural</PublicationType>  <PublicationType UI=""D013485"">Research Support, Non-U.S. Gov't</PublicationType>  <PublicationType UI=""D013486"">Research Support, U.S. Gov't, Non-P.H.S.</PublicationType></PublicationTypeList>"
24658076,"<PublicationTypeList>  <PublicationType UI=""D016428"">Journal Article</PublicationType>  <PublicationType UI=""D052061"">Research Support, N.I.H., Extramural</PublicationType>  <PublicationType UI=""D013485"">Research Support, Non-U.S. Gov't</PublicationType>  <PublicationType UI=""D013486"">Research Support, U.S. Gov't, Non-P.H.S.</PublicationType></PublicationTypeList>"
24658077,"<PublicationTypeList>  <PublicationType UI=""D016428"">Journal Article</PublicationType>  <PublicationType UI=""D052061"">Research Support, N.I.H., Extramural</PublicationType>  <PublicationType UI=""D013485"">Research Support, Non-U.S. Gov't</PublicationType>  <PublicationType UI=""D013486"">Research Support, U.S. Gov't, Non-P.H.S.</PublicationType></PublicationTypeList>"
24658078,"<PublicationTypeList>  <PublicationType UI=""D016428"">Journal Article</PublicationType>  <PublicationType UI=""D052061"">Research Support, N.I.H., Extramural</PublicationType>  <PublicationType UI=""D013485"">Research Support, Non-U.S. Gov't</PublicationType>  <PublicationType UI=""D013486"">Research Support, U.S. Gov't, Non-P.H.S.</PublicationType></PublicationTypeList>"
24658644,"<PublicationTypeList>  <PublicationType UI=""D016428"">Journal Article</PublicationType>  <PublicationType UI=""D052061"">Research Support, N.I.H., Extramural</PublicationType>  <PublicationType UI=""D013485"">Research Support, Non-U.S. Gov't</PublicationType>  <PublicationType UI=""D013486"">Research Support, U.S. Gov't, Non-P.H.S.</PublicationType></PublicationTypeList>"
24658645,"<PublicationTypeList>  <PublicationType UI=""D016428"">Journal Article</PublicationType>  <PublicationType UI=""D052061"">Research Support, N.I.H., Extramural</PublicationType>  <PublicationType UI=""D013485"">Research Support, Non-U.S. Gov't</PublicationType>  <PublicationType UI=""D013486"">Research Support, U.S. Gov't, Non-P.H.S.</PublicationType></PublicationTypeList>"
24658685,"<PublicationTypeList>  <PublicationType UI=""D016428"">Journal Article</PublicationType>  <PublicationType UI=""D052061"">Research Support, N.I.H., Extramural</PublicationType>  <PublicationType UI=""D013485"">Research Support, Non-U.S. Gov't</PublicationType>  <PublicationType UI=""D013486"">Research Support, U.S. Gov't, Non-P.H.S.</PublicationType></PublicationTypeList>"
24658686,"<PublicationTypeList>  <PublicationType UI=""D016428"">Journal Article</PublicationType>  <PublicationType UI=""D052061"">Research Support, N.I.H., Extramural</PublicationType>  <PublicationType UI=""D013485"">Research Support, Non-U.S. Gov't</PublicationType>  <PublicationType UI=""D013486"">Research Support, U.S. Gov't, Non-P.H.S.</PublicationType></PublicationTypeList>"
24658687,"<PublicationTypeList>  <PublicationType UI=""D016428"">Journal Article</PublicationType>  <PublicationType UI=""D052061"">Research Support, N.I.H., Extramural</PublicationType>  <PublicationType UI=""D013485"">Research Support, Non-U.S. Gov't</PublicationType>  <PublicationType UI=""D013486"">Research Support, U.S. Gov't, Non-P.H.S.</PublicationType></PublicationTypeList>"
24667574,"<PublicationTypeList>  <PublicationType UI=""D016428"">Journal Article</PublicationType>  <PublicationType UI=""D052061"">Research Support, N.I.H., Extramural</PublicationType>  <PublicationType UI=""D013485"">Research Support, Non-U.S. Gov't</PublicationType>  <PublicationType UI=""D013486"">Research Support, U.S. Gov't, Non-P.H.S.</PublicationType></PublicationTypeList>"
24671059,"<PublicationTypeList>  <PublicationType UI=""D016428"">Journal Article</PublicationType>  <PublicationType UI=""D052061"">Research Support, N.I.H., Extramural</PublicationType>  <PublicationType UI=""D013485"">Research Support, Non-U.S. Gov't</PublicationType>  <PublicationType UI=""D013486"">Research Support, U.S. Gov't, Non-P.H.S.</PublicationType></PublicationTypeList>"
24671065,"<PublicationTypeList>  <PublicationType UI=""D016428"">Journal Article</PublicationType>  <PublicationType UI=""D052061"">Research Support, N.I.H., Extramural</PublicationType>  <PublicationType UI=""D013485"">Research Support, Non-U.S. Gov't</PublicationType>  <PublicationType UI=""D013486"">Research Support, U.S. Gov't, Non-P.H.S.</PublicationType></PublicationTypeList>"
24671066,"<PublicationTypeList>  <PublicationType UI=""D016428"">Journal Article</PublicationType>  <PublicationType UI=""D052061"">Research Support, N.I.H., Extramural</PublicationType>  <PublicationType UI=""D013485"">Research Support, Non-U.S. Gov't</PublicationType>  <PublicationType UI=""D013486"">Research Support, U.S. Gov't, Non-P.H.S.</PublicationType></PublicationTypeList>"
24675518,"<PublicationTypeList>  <PublicationType UI=""D016428"">Journal Article</PublicationType>  <PublicationType UI=""D052061"">Research Support, N.I.H., Extramural</PublicationType>  <PublicationType UI=""D013485"">Research Support, Non-U.S. Gov't</PublicationType>  <PublicationType UI=""D013486"">Research Support, U.S. Gov't, Non-P.H.S.</PublicationType></PublicationTypeList>"
24675519,"<PublicationTypeList>  <PublicationType UI=""D016428"">Journal Article</PublicationType>  <PublicationType UI=""D052061"">Research Support, N.I.H., Extramural</PublicationType>  <PublicationType UI=""D013485"">Research Support, Non-U.S. Gov't</PublicationType>  <PublicationType UI=""D013486"">Research Support, U.S. Gov't, Non-P.H.S.</PublicationType></PublicationTypeList>"
24675520,"<PublicationTypeList>  <PublicationType UI=""D016428"">Journal Article</PublicationType>  <PublicationType UI=""D052061"">Research Support, N.I.H., Extramural</PublicationType>  <PublicationType UI=""D013485"">Research Support, Non-U.S. Gov't</PublicationType>  <PublicationType UI=""D013486"">Research Support, U.S. Gov't, Non-P.H.S.</PublicationType></PublicationTypeList>"
24681508,"<PublicationTypeList>  <PublicationType UI=""D016428"">Journal Article</PublicationType>  <PublicationType UI=""D052061"">Research Support, N.I.H., Extramural</PublicationType>  <PublicationType UI=""D013485"">Research Support, Non-U.S. Gov't</PublicationType>  <PublicationType UI=""D013486"">Research Support, U.S. Gov't, Non-P.H.S.</PublicationType></PublicationTypeList>"
24681535,"<PublicationTypeList>  <PublicationType UI=""D016428"">Journal Article</PublicationType>  <PublicationType UI=""D052061"">Research Support, N.I.H., Extramural</PublicationType>  <PublicationType UI=""D013485"">Research Support, Non-U.S. Gov't</PublicationType>  <PublicationType UI=""D013486"">Research Support, U.S. Gov't, Non-P.H.S.</PublicationType></PublicationTypeList>"
24681536,"<PublicationTypeList>  <PublicationType UI=""D016428"">Journal Article</PublicationType>  <PublicationType UI=""D052061"">Research Support, N.I.H., Extramural</PublicationType>  <PublicationType UI=""D013485"">Research Support, Non-U.S. Gov't</PublicationType>  <PublicationType UI=""D013486"">Research Support, U.S. Gov't, Non-P.H.S.</PublicationType></PublicationTypeList>"
24681537,"<PublicationTypeList>  <PublicationType UI=""D016428"">Journal Article</PublicationType>  <PublicationType UI=""D052061"">Research Support, N.I.H., Extramural</PublicationType>  <PublicationType UI=""D013485"">Research Support, Non-U.S. Gov't</PublicationType>  <PublicationType UI=""D013486"">Research Support, U.S. Gov't, Non-P.H.S.</PublicationType></PublicationTypeList>"
24681597,"<PublicationTypeList>  <PublicationType UI=""D016428"">Journal Article</PublicationType>  <PublicationType UI=""D052061"">Research Support, N.I.H., Extramural</PublicationType>  <PublicationType UI=""D013485"">Research Support, Non-U.S. Gov't</PublicationType>  <PublicationType UI=""D013486"">Research Support, U.S. Gov't, Non-P.H.S.</PublicationType></PublicationTypeList>"
24681598,"<PublicationTypeList>  <PublicationType UI=""D016428"">Journal Article</PublicationType>  <PublicationType UI=""D052061"">Research Support, N.I.H., Extramural</PublicationType>  <PublicationType UI=""D013485"">Research Support, Non-U.S. Gov't</PublicationType>  <PublicationType UI=""D013486"">Research Support, U.S. Gov't, Non-P.H.S.</PublicationType></PublicationTypeList>"
24685175,"<PublicationTypeList>  <PublicationType UI=""D016428"">Journal Article</PublicationType>  <PublicationType UI=""D052061"">Research Support, N.I.H., Extramural</PublicationType>  <PublicationType UI=""D013485"">Research Support, Non-U.S. Gov't</PublicationType>  <PublicationType UI=""D013486"">Research Support, U.S. Gov't, Non-P.H.S.</PublicationType></PublicationTypeList>"
24685176,"<PublicationTypeList>  <PublicationType UI=""D016428"">Journal Article</PublicationType>  <PublicationType UI=""D052061"">Research Support, N.I.H., Extramural</PublicationType>  <PublicationType UI=""D013485"">Research Support, Non-U.S. Gov't</PublicationType>  <PublicationType UI=""D013486"">Research Support, U.S. Gov't, Non-P.H.S.</PublicationType></PublicationTypeList>"
24686783,"<PublicationTypeList>  <PublicationType UI=""D016428"">Journal Article</PublicationType>  <PublicationType UI=""D052061"">Research Support, N.I.H., Extramural</PublicationType>  <PublicationType UI=""D013485"">Research Support, Non-U.S. Gov't</PublicationType>  <PublicationType UI=""D013486"">Research Support, U.S. Gov't, Non-P.H.S.</PublicationType></PublicationTypeList>"
24686784,"<PublicationTypeList>  <PublicationType UI=""D016428"">Journal Article</PublicationType>  <PublicationType UI=""D052061"">Research Support, N.I.H., Extramural</PublicationType>  <PublicationType UI=""D013485"">Research Support, Non-U.S. Gov't</PublicationType>  <PublicationType UI=""D013486"">Research Support, U.S. Gov't, Non-P.H.S.</PublicationType></PublicationTypeList>"
24686785,"<PublicationTypeList>  <PublicationType UI=""D016428"">Journal Article</PublicationType>  <PublicationType UI=""D052061"">Research Support, N.I.H., Extramural</PublicationType>  <PublicationType UI=""D013485"">Research Support, Non-U.S. Gov't</PublicationType>  <PublicationType UI=""D013486"">Research Support, U.S. Gov't, Non-P.H.S.</PublicationType></PublicationTypeList>"
24686786,"<PublicationTypeList>  <PublicationType UI=""D016428"">Journal Article</PublicationType>  <PublicationType UI=""D052061"">Research Support, N.I.H., Extramural</PublicationType>  <PublicationType UI=""D013485"">Research Support, Non-U.S. Gov't</PublicationType>  <PublicationType UI=""D013486"">Research Support, U.S. Gov't, Non-P.H.S.</PublicationType></PublicationTypeList>"
24686787,"<PublicationTypeList>  <PublicationType UI=""D016428"">Journal Article</PublicationType>  <PublicationType UI=""D052061"">Research Support, N.I.H., Extramural</PublicationType>  <PublicationType UI=""D013485"">Research Support, Non-U.S. Gov't</PublicationType>  <PublicationType UI=""D013486"">Research Support, U.S. Gov't, Non-P.H.S.</PublicationType></PublicationTypeList>"
24686846,"<PublicationTypeList>  <PublicationType UI=""D016428"">Journal Article</PublicationType>  <PublicationType UI=""D052061"">Research Support, N.I.H., Extramural</PublicationType>  <PublicationType UI=""D013485"">Research Support, Non-U.S. Gov't</PublicationType>  <PublicationType UI=""D013486"">Research Support, U.S. Gov't, Non-P.H.S.</PublicationType></PublicationTypeList>"
24686847,"<PublicationTypeList>  <PublicationType UI=""D016428"">Journal Article</PublicationType>  <PublicationType UI=""D052061"">Research Support, N.I.H., Extramural</PublicationType>  <PublicationType UI=""D013485"">Research Support, Non-U.S. Gov't</PublicationType>  <PublicationType UI=""D013486"">Research Support, U.S. Gov't, Non-P.H.S.</PublicationType></PublicationTypeList>"
24686848,"<PublicationTypeList>  <PublicationType UI=""D016428"">Journal Article</PublicationType>  <PublicationType UI=""D052061"">Research Support, N.I.H., Extramural</PublicationType>  <PublicationType UI=""D013485"">Research Support, Non-U.S. Gov't</PublicationType>  <PublicationType UI=""D013486"">Research Support, U.S. Gov't, Non-P.H.S.</PublicationType></PublicationTypeList>"
24686849,"<PublicationTypeList>  <PublicationType UI=""D016428"">Journal Article</PublicationType>  <PublicationType UI=""D052061"">Research Support, N.I.H., Extramural</PublicationType>  <PublicationType UI=""D013485"">Research Support, Non-U.S. Gov't</PublicationType>  <PublicationType UI=""D013486"">Research Support, U.S. Gov't, Non-P.H.S.</PublicationType></PublicationTypeList>"
24686850,"<PublicationTypeList>  <PublicationType UI=""D016428"">Journal Article</PublicationType>  <PublicationType UI=""D052061"">Research Support, N.I.H., Extramural</PublicationType>  <PublicationType UI=""D013485"">Research Support, Non-U.S. Gov't</PublicationType>  <PublicationType UI=""D013486"">Research Support, U.S. Gov't, Non-P.H.S.</PublicationType></PublicationTypeList>"
24691255,"<PublicationTypeList>  <PublicationType UI=""D016428"">Journal Article</PublicationType>  <PublicationType UI=""D052061"">Research Support, N.I.H., Extramural</PublicationType>  <PublicationType UI=""D013485"">Research Support, Non-U.S. Gov't</PublicationType>  <PublicationType UI=""D013486"">Research Support, U.S. Gov't, Non-P.H.S.</PublicationType></PublicationTypeList>"
24691256,"<PublicationTypeList>  <PublicationType UI=""D016428"">Journal Article</PublicationType>  <PublicationType UI=""D052061"">Research Support, N.I.H., Extramural</PublicationType>  <PublicationType UI=""D013485"">Research Support, Non-U.S. Gov't</PublicationType>  <PublicationType UI=""D013486"">Research Support, U.S. Gov't, Non-P.H.S.</PublicationType></PublicationTypeList>"
24691257,"<PublicationTypeList>  <PublicationType UI=""D016428"">Journal Article</PublicationType>  <PublicationType UI=""D052061"">Research Support, N.I.H., Extramural</PublicationType>  <PublicationType UI=""D013485"">Research Support, Non-U.S. Gov't</PublicationType>  <PublicationType UI=""D013486"">Research Support, U.S. Gov't, Non-P.H.S.</PublicationType></PublicationTypeList>"
24691258,"<PublicationTypeList>  <PublicationType UI=""D016428"">Journal Article</PublicationType>  <PublicationType UI=""D052061"">Research Support, N.I.H., Extramural</PublicationType>  <PublicationType UI=""D013485"">Research Support, Non-U.S. Gov't</PublicationType>  <PublicationType UI=""D013486"">Research Support, U.S. Gov't, Non-P.H.S.</PublicationType></PublicationTypeList>"
24698262,"<PublicationTypeList>  <PublicationType UI=""D016428"">Journal Article</PublicationType>  <PublicationType UI=""D052061"">Research Support, N.I.H., Extramural</PublicationType>  <PublicationType UI=""D013485"">Research Support, Non-U.S. Gov't</PublicationType>  <PublicationType UI=""D013486"">Research Support, U.S. Gov't, Non-P.H.S.</PublicationType></PublicationTypeList>"
24698263,"<PublicationTypeList>  <PublicationType UI=""D016428"">Journal Article</PublicationType>  <PublicationType UI=""D052061"">Research Support, N.I.H., Extramural</PublicationType>  <PublicationType UI=""D013485"">Research Support, Non-U.S. Gov't</PublicationType>  <PublicationType UI=""D013486"">Research Support, U.S. Gov't, Non-P.H.S.</PublicationType></PublicationTypeList>"
24698264,"<PublicationTypeList>  <PublicationType UI=""D016428"">Journal Article</PublicationType>  <PublicationType UI=""D052061"">Research Support, N.I.H., Extramural</PublicationType>  <PublicationType UI=""D013485"">Research Support, Non-U.S. Gov't</PublicationType>  <PublicationType UI=""D013486"">Research Support, U.S. Gov't, Non-P.H.S.</PublicationType></PublicationTypeList>"
24698265,"<PublicationTypeList>  <PublicationType UI=""D016428"">Journal Article</PublicationType>  <PublicationType UI=""D052061"">Research Support, N.I.H., Extramural</PublicationType>  <PublicationType UI=""D013485"">Research Support, Non-U.S. Gov't</PublicationType>  <PublicationType UI=""D013486"">Research Support, U.S. Gov't, Non-P.H.S.</PublicationType></PublicationTypeList>"
24698266,"<PublicationTypeList>  <PublicationType UI=""D016428"">Journal Article</PublicationType>  <PublicationType UI=""D052061"">Research Support, N.I.H., Extramural</PublicationType>  <PublicationType UI=""D013485"">Research Support, Non-U.S. Gov't</PublicationType>  <PublicationType UI=""D013486"">Research Support, U.S. Gov't, Non-P.H.S.</PublicationType></PublicationTypeList>"
24698267,"<PublicationTypeList>  <PublicationType UI=""D016428"">Journal Article</PublicationType>  <PublicationType UI=""D052061"">Research Support, N.I.H., Extramural</PublicationType>  <PublicationType UI=""D013485"">Research Support, Non-U.S. Gov't</PublicationType>  <PublicationType UI=""D013486"">Research Support, U.S. Gov't, Non-P.H.S.</PublicationType></PublicationTypeList>"
24698268,"<PublicationTypeList>  <PublicationType UI=""D016428"">Journal Article</PublicationType>  <PublicationType UI=""D052061"">Research Support, N.I.H., Extramural</PublicationType>  <PublicationType UI=""D013485"">Research Support, Non-U.S. Gov't</PublicationType>  <PublicationType UI=""D013486"">Research Support, U.S. Gov't, Non-P.H.S.</PublicationType></PublicationTypeList>"
24698269,"<PublicationTypeList>  <PublicationType UI=""D016428"">Journal Article</PublicationType>  <PublicationType UI=""D052061"">Research Support, N.I.H., Extramural</PublicationType>  <PublicationType UI=""D013485"">Research Support, Non-U.S. Gov't</PublicationType>  <PublicationType UI=""D013486"">Research Support, U.S. Gov't, Non-P.H.S.</PublicationType></PublicationTypeList>"
24698270,"<PublicationTypeList>  <PublicationType UI=""D016428"">Journal Article</PublicationType>  <PublicationType UI=""D052061"">Research Support, N.I.H., Extramural</PublicationType>  <PublicationType UI=""D013485"">Research Support, Non-U.S. Gov't</PublicationType>  <PublicationType UI=""D013486"">Research Support, U.S. Gov't, Non-P.H.S.</PublicationType></PublicationTypeList>"
24698271,"<PublicationTypeList>  <PublicationType UI=""D016428"">Journal Article</PublicationType>  <PublicationType UI=""D052061"">Research Support, N.I.H., Extramural</PublicationType>  <PublicationType UI=""D013485"">Research Support, Non-U.S. Gov't</PublicationType>  <PublicationType UI=""D013486"">Research Support, U.S. Gov't, Non-P.H.S.</PublicationType></PublicationTypeList>"
24698272,"<PublicationTypeList>  <PublicationType UI=""D016428"">Journal Article</PublicationType>  <PublicationType UI=""D052061"">Research Support, N.I.H., Extramural</PublicationType>  <PublicationType UI=""D013485"">Research Support, Non-U.S. Gov't</PublicationType>  <PublicationType UI=""D013486"">Research Support, U.S. Gov't, Non-P.H.S.</PublicationType></PublicationTypeList>"
24698273,"<PublicationTypeList>  <PublicationType UI=""D016428"">Journal Article</PublicationType>  <PublicationType UI=""D052061"">Research Support, N.I.H., Extramural</PublicationType>  <PublicationType UI=""D013485"">Research Support, Non-U.S. Gov't</PublicationType>  <PublicationType UI=""D013486"">Research Support, U.S. Gov't, Non-P.H.S.</PublicationType></PublicationTypeList>"
24698274,"<PublicationTypeList>  <PublicationType UI=""D016428"">Journal Article</PublicationType>  <PublicationType UI=""D052061"">Research Support, N.I.H., Extramural</PublicationType>  <PublicationType UI=""D013485"">Research Support, Non-U.S. Gov't</PublicationType>  <PublicationType UI=""D013486"">Research Support, U.S. Gov't, Non-P.H.S.</PublicationType></PublicationTypeList>"
24698275,"<PublicationTypeList>  <PublicationType UI=""D016428"">Journal Article</PublicationType>  <PublicationType UI=""D052061"">Research Support, N.I.H., Extramural</PublicationType>  <PublicationType UI=""D013485"">Research Support, Non-U.S. Gov't</PublicationType>  <PublicationType UI=""D013486"">Research Support, U.S. Gov't, Non-P.H.S.</PublicationType></PublicationTypeList>"
24698276,"<PublicationTypeList>  <PublicationType UI=""D016428"">Journal Article</PublicationType>  <PublicationType UI=""D052061"">Research Support, N.I.H., Extramural</PublicationType>  <PublicationType UI=""D013485"">Research Support, Non-U.S. Gov't</PublicationType>  <PublicationType UI=""D013486"">Research Support, U.S. Gov't, Non-P.H.S.</PublicationType></PublicationTypeList>"
24698277,"<PublicationTypeList>  <PublicationType UI=""D016428"">Journal Article</PublicationType>  <PublicationType UI=""D052061"">Research Support, N.I.H., Extramural</PublicationType>  <PublicationType UI=""D013485"">Research Support, Non-U.S. Gov't</PublicationType>  <PublicationType UI=""D013486"">Research Support, U.S. Gov't, Non-P.H.S.</PublicationType></PublicationTypeList>"
24698278,"<PublicationTypeList>  <PublicationType UI=""D016428"">Journal Article</PublicationType>  <PublicationType UI=""D052061"">Research Support, N.I.H., Extramural</PublicationType>  <PublicationType UI=""D013485"">Research Support, Non-U.S. Gov't</PublicationType>  <PublicationType UI=""D013486"">Research Support, U.S. Gov't, Non-P.H.S.</PublicationType></PublicationTypeList>"
24702988,"<PublicationTypeList>  <PublicationType UI=""D016428"">Journal Article</PublicationType>  <PublicationType UI=""D052061"">Research Support, N.I.H., Extramural</PublicationType>  <PublicationType UI=""D013485"">Research Support, Non-U.S. Gov't</PublicationType>  <PublicationType UI=""D013486"">Research Support, U.S. Gov't, Non-P.H.S.</PublicationType></PublicationTypeList>"
24702989,"<PublicationTypeList>  <PublicationType UI=""D016428"">Journal Article</PublicationType>  <PublicationType UI=""D052061"">Research Support, N.I.H., Extramural</PublicationType>  <PublicationType UI=""D013485"">Research Support, Non-U.S. Gov't</PublicationType>  <PublicationType UI=""D013486"">Research Support, U.S. Gov't, Non-P.H.S.</PublicationType></PublicationTypeList>"
24702990,"<PublicationTypeList>  <PublicationType UI=""D016428"">Journal Article</PublicationType>  <PublicationType UI=""D052061"">Research Support, N.I.H., Extramural</PublicationType>  <PublicationType UI=""D013485"">Research Support, Non-U.S. Gov't</PublicationType>  <PublicationType UI=""D013486"">Research Support, U.S. Gov't, Non-P.H.S.</PublicationType></PublicationTypeList>"
24702991,"<PublicationTypeList>  <PublicationType UI=""D016428"">Journal Article</PublicationType>  <PublicationType UI=""D052061"">Research Support, N.I.H., Extramural</PublicationType>  <PublicationType UI=""D013485"">Research Support, Non-U.S. Gov't</PublicationType>  <PublicationType UI=""D013486"">Research Support, U.S. Gov't, Non-P.H.S.</PublicationType></PublicationTypeList>"
24702992,"<PublicationTypeList>  <PublicationType UI=""D016428"">Journal Article</PublicationType>  <PublicationType UI=""D052061"">Research Support, N.I.H., Extramural</PublicationType>  <PublicationType UI=""D013485"">Research Support, Non-U.S. Gov't</PublicationType>  <PublicationType UI=""D013486"">Research Support, U.S. Gov't, Non-P.H.S.</PublicationType></PublicationTypeList>"
24702993,"<PublicationTypeList>  <PublicationType UI=""D016428"">Journal Article</PublicationType>  <PublicationType UI=""D052061"">Research Support, N.I.H., Extramural</PublicationType>  <PublicationType UI=""D013485"">Research Support, Non-U.S. Gov't</PublicationType>  <PublicationType UI=""D013486"">Research Support, U.S. Gov't, Non-P.H.S.</PublicationType></PublicationTypeList>"
24702994,"<PublicationTypeList>  <PublicationType UI=""D016428"">Journal Article</PublicationType>  <PublicationType UI=""D052061"">Research Support, N.I.H., Extramural</PublicationType>  <PublicationType UI=""D013485"">Research Support, Non-U.S. Gov't</PublicationType>  <PublicationType UI=""D013486"">Research Support, U.S. Gov't, Non-P.H.S.</PublicationType></PublicationTypeList>"
24702995,"<PublicationTypeList>  <PublicationType UI=""D016428"">Journal Article</PublicationType>  <PublicationType UI=""D052061"">Research Support, N.I.H., Extramural</PublicationType>  <PublicationType UI=""D013485"">Research Support, Non-U.S. Gov't</PublicationType>  <PublicationType UI=""D013486"">Research Support, U.S. Gov't, Non-P.H.S.</PublicationType></PublicationTypeList>"
24702996,"<PublicationTypeList>  <PublicationType UI=""D016428"">Journal Article</PublicationType>  <PublicationType UI=""D052061"">Research Support, N.I.H., Extramural</PublicationType>  <PublicationType UI=""D013485"">Research Support, Non-U.S. Gov't</PublicationType>  <PublicationType UI=""D013486"">Research Support, U.S. Gov't, Non-P.H.S.</PublicationType></PublicationTypeList>"
24702997,"<PublicationTypeList>  <PublicationType UI=""D016428"">Journal Article</PublicationType>  <PublicationType UI=""D052061"">Research Support, N.I.H., Extramural</PublicationType>  <PublicationType UI=""D013485"">Research Support, Non-U.S. Gov't</PublicationType>  <PublicationType UI=""D013486"">Research Support, U.S. Gov't, Non-P.H.S.</PublicationType></PublicationTypeList>"
24702998,"<PublicationTypeList>  <PublicationType UI=""D016428"">Journal Article</PublicationType>  <PublicationType UI=""D052061"">Research Support, N.I.H., Extramural</PublicationType>  <PublicationType UI=""D013485"">Research Support, Non-U.S. Gov't</PublicationType>  <PublicationType UI=""D013486"">Research Support, U.S. Gov't, Non-P.H.S.</PublicationType></PublicationTypeList>"
24704492,"<PublicationTypeList>  <PublicationType UI=""D016428"">Journal Article</PublicationType>  <PublicationType UI=""D052061"">Research Support, N.I.H., Extramural</PublicationType>  <PublicationType UI=""D013485"">Research Support, Non-U.S. Gov't</PublicationType>  <PublicationType UI=""D013486"">Research Support, U.S. Gov't, Non-P.H.S.</PublicationType></PublicationTypeList>"
24704493,"<PublicationTypeList>  <PublicationType UI=""D016428"">Journal Article</PublicationType>  <PublicationType UI=""D052061"">Research Support, N.I.H., Extramural</PublicationType>  <PublicationType UI=""D013485"">Research Support, Non-U.S. Gov't</PublicationType>  <PublicationType UI=""D013486"">Research Support, U.S. Gov't, Non-P.H.S.</PublicationType></PublicationTypeList>"
24704494,"<PublicationTypeList>  <PublicationType UI=""D016428"">Journal Article</PublicationType>  <PublicationType UI=""D052061"">Research Support, N.I.H., Extramural</PublicationType>  <PublicationType UI=""D013485"">Research Support, Non-U.S. Gov't</PublicationType>  <PublicationType UI=""D013486"">Research Support, U.S. Gov't, Non-P.H.S.</PublicationType></PublicationTypeList>"
24705183,"<PublicationTypeList>  <PublicationType UI=""D016428"">Journal Article</PublicationType>  <PublicationType UI=""D052061"">Research Support, N.I.H., Extramural</PublicationType>  <PublicationType UI=""D013485"">Research Support, Non-U.S. Gov't</PublicationType>  <PublicationType UI=""D013486"">Research Support, U.S. Gov't, Non-P.H.S.</PublicationType></PublicationTypeList>"
24705184,"<PublicationTypeList>  <PublicationType UI=""D016428"">Journal Article</PublicationType>  <PublicationType UI=""D052061"">Research Support, N.I.H., Extramural</PublicationType>  <PublicationType UI=""D013485"">Research Support, Non-U.S. Gov't</PublicationType>  <PublicationType UI=""D013486"">Research Support, U.S. Gov't, Non-P.H.S.</PublicationType></PublicationTypeList>"
24705250,"<PublicationTypeList>  <PublicationType UI=""D016428"">Journal Article</PublicationType>  <PublicationType UI=""D052061"">Research Support, N.I.H., Extramural</PublicationType>  <PublicationType UI=""D013485"">Research Support, Non-U.S. Gov't</PublicationType>  <PublicationType UI=""D013486"">Research Support, U.S. Gov't, Non-P.H.S.</PublicationType></PublicationTypeList>"
24705251,"<PublicationTypeList>  <PublicationType UI=""D016428"">Journal Article</PublicationType>  <PublicationType UI=""D052061"">Research Support, N.I.H., Extramural</PublicationType>  <PublicationType UI=""D013485"">Research Support, Non-U.S. Gov't</PublicationType>  <PublicationType UI=""D013486"">Research Support, U.S. Gov't, Non-P.H.S.</PublicationType></PublicationTypeList>"
24705252,"<PublicationTypeList>  <PublicationType UI=""D016428"">Journal Article</PublicationType>  <PublicationType UI=""D052061"">Research Support, N.I.H., Extramural</PublicationType>  <PublicationType UI=""D013485"">Research Support, Non-U.S. Gov't</PublicationType>  <PublicationType UI=""D013486"">Research Support, U.S. Gov't, Non-P.H.S.</PublicationType></PublicationTypeList>"
24705253,"<PublicationTypeList>  <PublicationType UI=""D016428"">Journal Article</PublicationType>  <PublicationType UI=""D052061"">Research Support, N.I.H., Extramural</PublicationType>  <PublicationType UI=""D013485"">Research Support, Non-U.S. Gov't</PublicationType>  <PublicationType UI=""D013486"">Research Support, U.S. Gov't, Non-P.H.S.</PublicationType></PublicationTypeList>"
24705254,"<PublicationTypeList>  <PublicationType UI=""D016428"">Journal Article</PublicationType>  <PublicationType UI=""D052061"">Research Support, N.I.H., Extramural</PublicationType>  <PublicationType UI=""D013485"">Research Support, Non-U.S. Gov't</PublicationType>  <PublicationType UI=""D013486"">Research Support, U.S. Gov't, Non-P.H.S.</PublicationType></PublicationTypeList>"
24705333,"<PublicationTypeList>  <PublicationType UI=""D016428"">Journal Article</PublicationType>  <PublicationType UI=""D052061"">Research Support, N.I.H., Extramural</PublicationType>  <PublicationType UI=""D013485"">Research Support, Non-U.S. Gov't</PublicationType>  <PublicationType UI=""D013486"">Research Support, U.S. Gov't, Non-P.H.S.</PublicationType></PublicationTypeList>"
24705334,"<PublicationTypeList>  <PublicationType UI=""D016428"">Journal Article</PublicationType>  <PublicationType UI=""D052061"">Research Support, N.I.H., Extramural</PublicationType>  <PublicationType UI=""D013485"">Research Support, Non-U.S. Gov't</PublicationType>  <PublicationType UI=""D013486"">Research Support, U.S. Gov't, Non-P.H.S.</PublicationType></PublicationTypeList>"
24705516,"<PublicationTypeList>  <PublicationType UI=""D016428"">Journal Article</PublicationType>  <PublicationType UI=""D052061"">Research Support, N.I.H., Extramural</PublicationType>  <PublicationType UI=""D013485"">Research Support, Non-U.S. Gov't</PublicationType>  <PublicationType UI=""D013486"">Research Support, U.S. Gov't, Non-P.H.S.</PublicationType></PublicationTypeList>"
24705551,"<PublicationTypeList>  <PublicationType UI=""D016428"">Journal Article</PublicationType>  <PublicationType UI=""D052061"">Research Support, N.I.H., Extramural</PublicationType>  <PublicationType UI=""D013485"">Research Support, Non-U.S. Gov't</PublicationType>  <PublicationType UI=""D013486"">Research Support, U.S. Gov't, Non-P.H.S.</PublicationType></PublicationTypeList>"
24705552,"<PublicationTypeList>  <PublicationType UI=""D016428"">Journal Article</PublicationType>  <PublicationType UI=""D052061"">Research Support, N.I.H., Extramural</PublicationType>  <PublicationType UI=""D013485"">Research Support, Non-U.S. Gov't</PublicationType>  <PublicationType UI=""D013486"">Research Support, U.S. Gov't, Non-P.H.S.</PublicationType></PublicationTypeList>"
24705553,"<PublicationTypeList>  <PublicationType UI=""D016428"">Journal Article</PublicationType>  <PublicationType UI=""D052061"">Research Support, N.I.H., Extramural</PublicationType>  <PublicationType UI=""D013485"">Research Support, Non-U.S. Gov't</PublicationType>  <PublicationType UI=""D013486"">Research Support, U.S. Gov't, Non-P.H.S.</PublicationType></PublicationTypeList>"
24705590,"<PublicationTypeList>  <PublicationType UI=""D016428"">Journal Article</PublicationType>  <PublicationType UI=""D052061"">Research Support, N.I.H., Extramural</PublicationType>  <PublicationType UI=""D013485"">Research Support, Non-U.S. Gov't</PublicationType>  <PublicationType UI=""D013486"">Research Support, U.S. Gov't, Non-P.H.S.</PublicationType></PublicationTypeList>"
24705591,"<PublicationTypeList>  <PublicationType UI=""D016428"">Journal Article</PublicationType>  <PublicationType UI=""D052061"">Research Support, N.I.H., Extramural</PublicationType>  <PublicationType UI=""D013485"">Research Support, Non-U.S. Gov't</PublicationType>  <PublicationType UI=""D013486"">Research Support, U.S. Gov't, Non-P.H.S.</PublicationType></PublicationTypeList>"
24705592,"<PublicationTypeList>  <PublicationType UI=""D016428"">Journal Article</PublicationType>  <PublicationType UI=""D052061"">Research Support, N.I.H., Extramural</PublicationType>  <PublicationType UI=""D013485"">Research Support, Non-U.S. Gov't</PublicationType>  <PublicationType UI=""D013486"">Research Support, U.S. Gov't, Non-P.H.S.</PublicationType></PublicationTypeList>"
24710370,"<PublicationTypeList>  <PublicationType UI=""D016428"">Journal Article</PublicationType>  <PublicationType UI=""D052061"">Research Support, N.I.H., Extramural</PublicationType>  <PublicationType UI=""D013485"">Research Support, Non-U.S. Gov't</PublicationType>  <PublicationType UI=""D013486"">Research Support, U.S. Gov't, Non-P.H.S.</PublicationType></PublicationTypeList>"
24710372,"<PublicationTypeList>  <PublicationType UI=""D016428"">Journal Article</PublicationType>  <PublicationType UI=""D052061"">Research Support, N.I.H., Extramural</PublicationType>  <PublicationType UI=""D013485"">Research Support, Non-U.S. Gov't</PublicationType>  <PublicationType UI=""D013486"">Research Support, U.S. Gov't, Non-P.H.S.</PublicationType></PublicationTypeList>"
24710373,"<PublicationTypeList>  <PublicationType UI=""D016428"">Journal Article</PublicationType>  <PublicationType UI=""D052061"">Research Support, N.I.H., Extramural</PublicationType>  <PublicationType UI=""D013485"">Research Support, Non-U.S. Gov't</PublicationType>  <PublicationType UI=""D013486"">Research Support, U.S. Gov't, Non-P.H.S.</PublicationType></PublicationTypeList>"
24710374,"<PublicationTypeList>  <PublicationType UI=""D016428"">Journal Article</PublicationType>  <PublicationType UI=""D052061"">Research Support, N.I.H., Extramural</PublicationType>  <PublicationType UI=""D013485"">Research Support, Non-U.S. Gov't</PublicationType>  <PublicationType UI=""D013486"">Research Support, U.S. Gov't, Non-P.H.S.</PublicationType></PublicationTypeList>"
24710375,"<PublicationTypeList>  <PublicationType UI=""D016428"">Journal Article</PublicationType>  <PublicationType UI=""D052061"">Research Support, N.I.H., Extramural</PublicationType>  <PublicationType UI=""D013485"">Research Support, Non-U.S. Gov't</PublicationType>  <PublicationType UI=""D013486"">Research Support, U.S. Gov't, Non-P.H.S.</PublicationType></PublicationTypeList>"
24710376,"<PublicationTypeList>  <PublicationType UI=""D016428"">Journal Article</PublicationType>  <PublicationType UI=""D052061"">Research Support, N.I.H., Extramural</PublicationType>  <PublicationType UI=""D013485"">Research Support, Non-U.S. Gov't</PublicationType>  <PublicationType UI=""D013486"">Research Support, U.S. Gov't, Non-P.H.S.</PublicationType></PublicationTypeList>"
24710377,"<PublicationTypeList>  <PublicationType UI=""D016428"">Journal Article</PublicationType>  <PublicationType UI=""D052061"">Research Support, N.I.H., Extramural</PublicationType>  <PublicationType UI=""D013485"">Research Support, Non-U.S. Gov't</PublicationType>  <PublicationType UI=""D013486"">Research Support, U.S. Gov't, Non-P.H.S.</PublicationType></PublicationTypeList>"
24710378,"<PublicationTypeList>  <PublicationType UI=""D016428"">Journal Article</PublicationType>  <PublicationType UI=""D052061"">Research Support, N.I.H., Extramural</PublicationType>  <PublicationType UI=""D013485"">Research Support, Non-U.S. Gov't</PublicationType>  <PublicationType UI=""D013486"">Research Support, U.S. Gov't, Non-P.H.S.</PublicationType></PublicationTypeList>"
24714466,"<PublicationTypeList>  <PublicationType UI=""D016428"">Journal Article</PublicationType>  <PublicationType UI=""D052061"">Research Support, N.I.H., Extramural</PublicationType>  <PublicationType UI=""D013485"">Research Support, Non-U.S. Gov't</PublicationType>  <PublicationType UI=""D013486"">Research Support, U.S. Gov't, Non-P.H.S.</PublicationType></PublicationTypeList>"
24714478,"<PublicationTypeList>  <PublicationType UI=""D016428"">Journal Article</PublicationType>  <PublicationType UI=""D052061"">Research Support, N.I.H., Extramural</PublicationType>  <PublicationType UI=""D013485"">Research Support, Non-U.S. Gov't</PublicationType>  <PublicationType UI=""D013486"">Research Support, U.S. Gov't, Non-P.H.S.</PublicationType></PublicationTypeList>"
24714479,"<PublicationTypeList>  <PublicationType UI=""D016428"">Journal Article</PublicationType>  <PublicationType UI=""D052061"">Research Support, N.I.H., Extramural</PublicationType>  <PublicationType UI=""D013485"">Research Support, Non-U.S. Gov't</PublicationType>  <PublicationType UI=""D013486"">Research Support, U.S. Gov't, Non-P.H.S.</PublicationType></PublicationTypeList>"
24714481,"<PublicationTypeList>  <PublicationType UI=""D016428"">Journal Article</PublicationType>  <PublicationType UI=""D052061"">Research Support, N.I.H., Extramural</PublicationType>  <PublicationType UI=""D013485"">Research Support, Non-U.S. Gov't</PublicationType>  <PublicationType UI=""D013486"">Research Support, U.S. Gov't, Non-P.H.S.</PublicationType></PublicationTypeList>"
24714482,"<PublicationTypeList>  <PublicationType UI=""D016428"">Journal Article</PublicationType>  <PublicationType UI=""D052061"">Research Support, N.I.H., Extramural</PublicationType>  <PublicationType UI=""D013485"">Research Support, Non-U.S. Gov't</PublicationType>  <PublicationType UI=""D013486"">Research Support, U.S. Gov't, Non-P.H.S.</PublicationType></PublicationTypeList>"
24714483,"<PublicationTypeList>  <PublicationType UI=""D016428"">Journal Article</PublicationType>  <PublicationType UI=""D052061"">Research Support, N.I.H., Extramural</PublicationType>  <PublicationType UI=""D013485"">Research Support, Non-U.S. Gov't</PublicationType>  <PublicationType UI=""D013486"">Research Support, U.S. Gov't, Non-P.H.S.</PublicationType></PublicationTypeList>"
24714485,"<PublicationTypeList>  <PublicationType UI=""D016428"">Journal Article</PublicationType>  <PublicationType UI=""D052061"">Research Support, N.I.H., Extramural</PublicationType>  <PublicationType UI=""D013485"">Research Support, Non-U.S. Gov't</PublicationType>  <PublicationType UI=""D013486"">Research Support, U.S. Gov't, Non-P.H.S.</PublicationType></PublicationTypeList>"
24726192,"<PublicationTypeList>  <PublicationType UI=""D016428"">Journal Article</PublicationType>  <PublicationType UI=""D052061"">Research Support, N.I.H., Extramural</PublicationType>  <PublicationType UI=""D013485"">Research Support, Non-U.S. Gov't</PublicationType>  <PublicationType UI=""D013486"">Research Support, U.S. Gov't, Non-P.H.S.</PublicationType></PublicationTypeList>"
24726381,"<PublicationTypeList>  <PublicationType UI=""D016428"">Journal Article</PublicationType>  <PublicationType UI=""D052061"">Research Support, N.I.H., Extramural</PublicationType>  <PublicationType UI=""D013485"">Research Support, Non-U.S. Gov't</PublicationType>  <PublicationType UI=""D013486"">Research Support, U.S. Gov't, Non-P.H.S.</PublicationType></PublicationTypeList>"
24726382,"<PublicationTypeList>  <PublicationType UI=""D016428"">Journal Article</PublicationType>  <PublicationType UI=""D052061"">Research Support, N.I.H., Extramural</PublicationType>  <PublicationType UI=""D013485"">Research Support, Non-U.S. Gov't</PublicationType>  <PublicationType UI=""D013486"">Research Support, U.S. Gov't, Non-P.H.S.</PublicationType></PublicationTypeList>"
24727714,"<PublicationTypeList>  <PublicationType UI=""D016428"">Journal Article</PublicationType>  <PublicationType UI=""D052061"">Research Support, N.I.H., Extramural</PublicationType>  <PublicationType UI=""D013485"">Research Support, Non-U.S. Gov't</PublicationType>  <PublicationType UI=""D013486"">Research Support, U.S. Gov't, Non-P.H.S.</PublicationType></PublicationTypeList>"
24727715,"<PublicationTypeList>  <PublicationType UI=""D016428"">Journal Article</PublicationType>  <PublicationType UI=""D052061"">Research Support, N.I.H., Extramural</PublicationType>  <PublicationType UI=""D013485"">Research Support, Non-U.S. Gov't</PublicationType>  <PublicationType UI=""D013486"">Research Support, U.S. Gov't, Non-P.H.S.</PublicationType></PublicationTypeList>"
24727767,"<PublicationTypeList>  <PublicationType UI=""D016428"">Journal Article</PublicationType>  <PublicationType UI=""D052061"">Research Support, N.I.H., Extramural</PublicationType>  <PublicationType UI=""D013485"">Research Support, Non-U.S. Gov't</PublicationType>  <PublicationType UI=""D013486"">Research Support, U.S. Gov't, Non-P.H.S.</PublicationType></PublicationTypeList>"
24727772,"<PublicationTypeList>  <PublicationType UI=""D016428"">Journal Article</PublicationType>  <PublicationType UI=""D052061"">Research Support, N.I.H., Extramural</PublicationType>  <PublicationType UI=""D013485"">Research Support, Non-U.S. Gov't</PublicationType>  <PublicationType UI=""D013486"">Research Support, U.S. Gov't, Non-P.H.S.</PublicationType></PublicationTypeList>"
24727773,"<PublicationTypeList>  <PublicationType UI=""D016428"">Journal Article</PublicationType>  <PublicationType UI=""D052061"">Research Support, N.I.H., Extramural</PublicationType>  <PublicationType UI=""D013485"">Research Support, Non-U.S. Gov't</PublicationType>  <PublicationType UI=""D013486"">Research Support, U.S. Gov't, Non-P.H.S.</PublicationType></PublicationTypeList>"
24727775,"<PublicationTypeList>  <PublicationType UI=""D016428"">Journal Article</PublicationType>  <PublicationType UI=""D052061"">Research Support, N.I.H., Extramural</PublicationType>  <PublicationType UI=""D013485"">Research Support, Non-U.S. Gov't</PublicationType>  <PublicationType UI=""D013486"">Research Support, U.S. Gov't, Non-P.H.S.</PublicationType></PublicationTypeList>"
24727776,"<PublicationTypeList>  <PublicationType UI=""D016428"">Journal Article</PublicationType>  <PublicationType UI=""D052061"">Research Support, N.I.H., Extramural</PublicationType>  <PublicationType UI=""D013485"">Research Support, Non-U.S. Gov't</PublicationType>  <PublicationType UI=""D013486"">Research Support, U.S. Gov't, Non-P.H.S.</PublicationType></PublicationTypeList>"
24727777,"<PublicationTypeList>  <PublicationType UI=""D016428"">Journal Article</PublicationType>  <PublicationType UI=""D052061"">Research Support, N.I.H., Extramural</PublicationType>  <PublicationType UI=""D013485"">Research Support, Non-U.S. Gov't</PublicationType>  <PublicationType UI=""D013486"">Research Support, U.S. Gov't, Non-P.H.S.</PublicationType></PublicationTypeList>"
24727783,"<PublicationTypeList>  <PublicationType UI=""D016428"">Journal Article</PublicationType>  <PublicationType UI=""D052061"">Research Support, N.I.H., Extramural</PublicationType>  <PublicationType UI=""D013485"">Research Support, Non-U.S. Gov't</PublicationType>  <PublicationType UI=""D013486"">Research Support, U.S. Gov't, Non-P.H.S.</PublicationType></PublicationTypeList>"
24727830,"<PublicationTypeList>  <PublicationType UI=""D016428"">Journal Article</PublicationType>  <PublicationType UI=""D052061"">Research Support, N.I.H., Extramural</PublicationType>  <PublicationType UI=""D013485"">Research Support, Non-U.S. Gov't</PublicationType>  <PublicationType UI=""D013486"">Research Support, U.S. Gov't, Non-P.H.S.</PublicationType></PublicationTypeList>"
24727899,"<PublicationTypeList>  <PublicationType UI=""D016428"">Journal Article</PublicationType>  <PublicationType UI=""D052061"">Research Support, N.I.H., Extramural</PublicationType>  <PublicationType UI=""D013485"">Research Support, Non-U.S. Gov't</PublicationType>  <PublicationType UI=""D013486"">Research Support, U.S. Gov't, Non-P.H.S.</PublicationType></PublicationTypeList>"
24727900,"<PublicationTypeList>  <PublicationType UI=""D016428"">Journal Article</PublicationType>  <PublicationType UI=""D052061"">Research Support, N.I.H., Extramural</PublicationType>  <PublicationType UI=""D013485"">Research Support, Non-U.S. Gov't</PublicationType>  <PublicationType UI=""D013486"">Research Support, U.S. Gov't, Non-P.H.S.</PublicationType></PublicationTypeList>"
24727901,"<PublicationTypeList>  <PublicationType UI=""D016428"">Journal Article</PublicationType>  <PublicationType UI=""D052061"">Research Support, N.I.H., Extramural</PublicationType>  <PublicationType UI=""D013485"">Research Support, Non-U.S. Gov't</PublicationType>  <PublicationType UI=""D013486"">Research Support, U.S. Gov't, Non-P.H.S.</PublicationType></PublicationTypeList>"
24727902,"<PublicationTypeList>  <PublicationType UI=""D016428"">Journal Article</PublicationType>  <PublicationType UI=""D052061"">Research Support, N.I.H., Extramural</PublicationType>  <PublicationType UI=""D013485"">Research Support, Non-U.S. Gov't</PublicationType>  <PublicationType UI=""D013486"">Research Support, U.S. Gov't, Non-P.H.S.</PublicationType></PublicationTypeList>"
24728267,"<PublicationTypeList>  <PublicationType UI=""D016428"">Journal Article</PublicationType>  <PublicationType UI=""D052061"">Research Support, N.I.H., Extramural</PublicationType>  <PublicationType UI=""D013485"">Research Support, Non-U.S. Gov't</PublicationType>  <PublicationType UI=""D013486"">Research Support, U.S. Gov't, Non-P.H.S.</PublicationType></PublicationTypeList>"
24728268,"<PublicationTypeList>  <PublicationType UI=""D016428"">Journal Article</PublicationType>  <PublicationType UI=""D052061"">Research Support, N.I.H., Extramural</PublicationType>  <PublicationType UI=""D013485"">Research Support, Non-U.S. Gov't</PublicationType>  <PublicationType UI=""D013486"">Research Support, U.S. Gov't, Non-P.H.S.</PublicationType></PublicationTypeList>"
24728269,"<PublicationTypeList>  <PublicationType UI=""D016428"">Journal Article</PublicationType>  <PublicationType UI=""D052061"">Research Support, N.I.H., Extramural</PublicationType>  <PublicationType UI=""D013485"">Research Support, Non-U.S. Gov't</PublicationType>  <PublicationType UI=""D013486"">Research Support, U.S. Gov't, Non-P.H.S.</PublicationType></PublicationTypeList>"
24728292,"<PublicationTypeList>  <PublicationType UI=""D016428"">Journal Article</PublicationType>  <PublicationType UI=""D052061"">Research Support, N.I.H., Extramural</PublicationType>  <PublicationType UI=""D013485"">Research Support, Non-U.S. Gov't</PublicationType>  <PublicationType UI=""D013486"">Research Support, U.S. Gov't, Non-P.H.S.</PublicationType></PublicationTypeList>"
24728293,"<PublicationTypeList>  <PublicationType UI=""D016428"">Journal Article</PublicationType>  <PublicationType UI=""D052061"">Research Support, N.I.H., Extramural</PublicationType>  <PublicationType UI=""D013485"">Research Support, Non-U.S. Gov't</PublicationType>  <PublicationType UI=""D013486"">Research Support, U.S. Gov't, Non-P.H.S.</PublicationType></PublicationTypeList>"
24728294,"<PublicationTypeList>  <PublicationType UI=""D016428"">Journal Article</PublicationType>  <PublicationType UI=""D052061"">Research Support, N.I.H., Extramural</PublicationType>  <PublicationType UI=""D013485"">Research Support, Non-U.S. Gov't</PublicationType>  <PublicationType UI=""D013486"">Research Support, U.S. Gov't, Non-P.H.S.</PublicationType></PublicationTypeList>"
24728410,"<PublicationTypeList>  <PublicationType UI=""D016428"">Journal Article</PublicationType>  <PublicationType UI=""D052061"">Research Support, N.I.H., Extramural</PublicationType>  <PublicationType UI=""D013485"">Research Support, Non-U.S. Gov't</PublicationType>  <PublicationType UI=""D013486"">Research Support, U.S. Gov't, Non-P.H.S.</PublicationType></PublicationTypeList>"
24728411,"<PublicationTypeList>  <PublicationType UI=""D016428"">Journal Article</PublicationType>  <PublicationType UI=""D052061"">Research Support, N.I.H., Extramural</PublicationType>  <PublicationType UI=""D013485"">Research Support, Non-U.S. Gov't</PublicationType>  <PublicationType UI=""D013486"">Research Support, U.S. Gov't, Non-P.H.S.</PublicationType></PublicationTypeList>"
24742452,"<PublicationTypeList>  <PublicationType UI=""D016428"">Journal Article</PublicationType>  <PublicationType UI=""D052061"">Research Support, N.I.H., Extramural</PublicationType>  <PublicationType UI=""D013485"">Research Support, Non-U.S. Gov't</PublicationType>  <PublicationType UI=""D013486"">Research Support, U.S. Gov't, Non-P.H.S.</PublicationType></PublicationTypeList>"
24742453,"<PublicationTypeList>  <PublicationType UI=""D016428"">Journal Article</PublicationType>  <PublicationType UI=""D052061"">Research Support, N.I.H., Extramural</PublicationType>  <PublicationType UI=""D013485"">Research Support, Non-U.S. Gov't</PublicationType>  <PublicationType UI=""D013486"">Research Support, U.S. Gov't, Non-P.H.S.</PublicationType></PublicationTypeList>"
24742454,"<PublicationTypeList>  <PublicationType UI=""D016428"">Journal Article</PublicationType>  <PublicationType UI=""D052061"">Research Support, N.I.H., Extramural</PublicationType>  <PublicationType UI=""D013485"">Research Support, Non-U.S. Gov't</PublicationType>  <PublicationType UI=""D013486"">Research Support, U.S. Gov't, Non-P.H.S.</PublicationType></PublicationTypeList>"
24742455,"<PublicationTypeList>  <PublicationType UI=""D016428"">Journal Article</PublicationType>  <PublicationType UI=""D052061"">Research Support, N.I.H., Extramural</PublicationType>  <PublicationType UI=""D013485"">Research Support, Non-U.S. Gov't</PublicationType>  <PublicationType UI=""D013486"">Research Support, U.S. Gov't, Non-P.H.S.</PublicationType></PublicationTypeList>"
24742456,"<PublicationTypeList>  <PublicationType UI=""D016428"">Journal Article</PublicationType>  <PublicationType UI=""D052061"">Research Support, N.I.H., Extramural</PublicationType>  <PublicationType UI=""D013485"">Research Support, Non-U.S. Gov't</PublicationType>  <PublicationType UI=""D013486"">Research Support, U.S. Gov't, Non-P.H.S.</PublicationType></PublicationTypeList>"
24742457,"<PublicationTypeList>  <PublicationType UI=""D016428"">Journal Article</PublicationType>  <PublicationType UI=""D052061"">Research Support, N.I.H., Extramural</PublicationType>  <PublicationType UI=""D013485"">Research Support, Non-U.S. Gov't</PublicationType>  <PublicationType UI=""D013486"">Research Support, U.S. Gov't, Non-P.H.S.</PublicationType></PublicationTypeList>"
24742458,"<PublicationTypeList>  <PublicationType UI=""D016428"">Journal Article</PublicationType>  <PublicationType UI=""D052061"">Research Support, N.I.H., Extramural</PublicationType>  <PublicationType UI=""D013485"">Research Support, Non-U.S. Gov't</PublicationType>  <PublicationType UI=""D013486"">Research Support, U.S. Gov't, Non-P.H.S.</PublicationType></PublicationTypeList>"
24742459,"<PublicationTypeList>  <PublicationType UI=""D016428"">Journal Article</PublicationType>  <PublicationType UI=""D052061"">Research Support, N.I.H., Extramural</PublicationType>  <PublicationType UI=""D013485"">Research Support, Non-U.S. Gov't</PublicationType>  <PublicationType UI=""D013486"">Research Support, U.S. Gov't, Non-P.H.S.</PublicationType></PublicationTypeList>"
24742460,"<PublicationTypeList>  <PublicationType UI=""D016428"">Journal Article</PublicationType>  <PublicationType UI=""D052061"">Research Support, N.I.H., Extramural</PublicationType>  <PublicationType UI=""D013485"">Research Support, Non-U.S. Gov't</PublicationType>  <PublicationType UI=""D013486"">Research Support, U.S. Gov't, Non-P.H.S.</PublicationType></PublicationTypeList>"
24742461,"<PublicationTypeList>  <PublicationType UI=""D016428"">Journal Article</PublicationType>  <PublicationType UI=""D052061"">Research Support, N.I.H., Extramural</PublicationType>  <PublicationType UI=""D013485"">Research Support, Non-U.S. Gov't</PublicationType>  <PublicationType UI=""D013486"">Research Support, U.S. Gov't, Non-P.H.S.</PublicationType></PublicationTypeList>"
24742462,"<PublicationTypeList>  <PublicationType UI=""D016428"">Journal Article</PublicationType>  <PublicationType UI=""D052061"">Research Support, N.I.H., Extramural</PublicationType>  <PublicationType UI=""D013485"">Research Support, Non-U.S. Gov't</PublicationType>  <PublicationType UI=""D013486"">Research Support, U.S. Gov't, Non-P.H.S.</PublicationType></PublicationTypeList>"
24742463,"<PublicationTypeList>  <PublicationType UI=""D016428"">Journal Article</PublicationType>  <PublicationType UI=""D052061"">Research Support, N.I.H., Extramural</PublicationType>  <PublicationType UI=""D013485"">Research Support, Non-U.S. Gov't</PublicationType>  <PublicationType UI=""D013486"">Research Support, U.S. Gov't, Non-P.H.S.</PublicationType></PublicationTypeList>"
24742464,"<PublicationTypeList>  <PublicationType UI=""D016428"">Journal Article</PublicationType>  <PublicationType UI=""D052061"">Research Support, N.I.H., Extramural</PublicationType>  <PublicationType UI=""D013485"">Research Support, Non-U.S. Gov't</PublicationType>  <PublicationType UI=""D013486"">Research Support, U.S. Gov't, Non-P.H.S.</PublicationType></PublicationTypeList>"
24742465,"<PublicationTypeList>  <PublicationType UI=""D016428"">Journal Article</PublicationType>  <PublicationType UI=""D052061"">Research Support, N.I.H., Extramural</PublicationType>  <PublicationType UI=""D013485"">Research Support, Non-U.S. Gov't</PublicationType>  <PublicationType UI=""D013486"">Research Support, U.S. Gov't, Non-P.H.S.</PublicationType></PublicationTypeList>"
24742466,"<PublicationTypeList>  <PublicationType UI=""D016428"">Journal Article</PublicationType>  <PublicationType UI=""D052061"">Research Support, N.I.H., Extramural</PublicationType>  <PublicationType UI=""D013485"">Research Support, Non-U.S. Gov't</PublicationType>  <PublicationType UI=""D013486"">Research Support, U.S. Gov't, Non-P.H.S.</PublicationType></PublicationTypeList>"
24742467,"<PublicationTypeList>  <PublicationType UI=""D016428"">Journal Article</PublicationType>  <PublicationType UI=""D052061"">Research Support, N.I.H., Extramural</PublicationType>  <PublicationType UI=""D013485"">Research Support, Non-U.S. Gov't</PublicationType>  <PublicationType UI=""D013486"">Research Support, U.S. Gov't, Non-P.H.S.</PublicationType></PublicationTypeList>"
24743245,"<PublicationTypeList>  <PublicationType UI=""D016428"">Journal Article</PublicationType>  <PublicationType UI=""D052061"">Research Support, N.I.H., Extramural</PublicationType>  <PublicationType UI=""D013485"">Research Support, Non-U.S. Gov't</PublicationType>  <PublicationType UI=""D013486"">Research Support, U.S. Gov't, Non-P.H.S.</PublicationType></PublicationTypeList>"
24743256,"<PublicationTypeList>  <PublicationType UI=""D016428"">Journal Article</PublicationType>  <PublicationType UI=""D052061"">Research Support, N.I.H., Extramural</PublicationType>  <PublicationType UI=""D013485"">Research Support, Non-U.S. Gov't</PublicationType>  <PublicationType UI=""D013486"">Research Support, U.S. Gov't, Non-P.H.S.</PublicationType></PublicationTypeList>"
24743257,"<PublicationTypeList>  <PublicationType UI=""D016428"">Journal Article</PublicationType>  <PublicationType UI=""D052061"">Research Support, N.I.H., Extramural</PublicationType>  <PublicationType UI=""D013485"">Research Support, Non-U.S. Gov't</PublicationType>  <PublicationType UI=""D013486"">Research Support, U.S. Gov't, Non-P.H.S.</PublicationType></PublicationTypeList>"
24743305,"<PublicationTypeList>  <PublicationType UI=""D016428"">Journal Article</PublicationType>  <PublicationType UI=""D052061"">Research Support, N.I.H., Extramural</PublicationType>  <PublicationType UI=""D013485"">Research Support, Non-U.S. Gov't</PublicationType>  <PublicationType UI=""D013486"">Research Support, U.S. Gov't, Non-P.H.S.</PublicationType></PublicationTypeList>"
24746419,"<PublicationTypeList>  <PublicationType UI=""D016428"">Journal Article</PublicationType>  <PublicationType UI=""D052061"">Research Support, N.I.H., Extramural</PublicationType>  <PublicationType UI=""D013485"">Research Support, Non-U.S. Gov't</PublicationType>  <PublicationType UI=""D013486"">Research Support, U.S. Gov't, Non-P.H.S.</PublicationType></PublicationTypeList>"
24746420,"<PublicationTypeList>  <PublicationType UI=""D016428"">Journal Article</PublicationType>  <PublicationType UI=""D052061"">Research Support, N.I.H., Extramural</PublicationType>  <PublicationType UI=""D013485"">Research Support, Non-U.S. Gov't</PublicationType>  <PublicationType UI=""D013486"">Research Support, U.S. Gov't, Non-P.H.S.</PublicationType></PublicationTypeList>"
24746675,"<PublicationTypeList>  <PublicationType UI=""D016428"">Journal Article</PublicationType>  <PublicationType UI=""D052061"">Research Support, N.I.H., Extramural</PublicationType>  <PublicationType UI=""D013485"">Research Support, Non-U.S. Gov't</PublicationType>  <PublicationType UI=""D013486"">Research Support, U.S. Gov't, Non-P.H.S.</PublicationType></PublicationTypeList>"
24747438,"<PublicationTypeList>  <PublicationType UI=""D016428"">Journal Article</PublicationType>  <PublicationType UI=""D052061"">Research Support, N.I.H., Extramural</PublicationType>  <PublicationType UI=""D013485"">Research Support, Non-U.S. Gov't</PublicationType>  <PublicationType UI=""D013486"">Research Support, U.S. Gov't, Non-P.H.S.</PublicationType></PublicationTypeList>"
24747439,"<PublicationTypeList>  <PublicationType UI=""D016428"">Journal Article</PublicationType>  <PublicationType UI=""D052061"">Research Support, N.I.H., Extramural</PublicationType>  <PublicationType UI=""D013485"">Research Support, Non-U.S. Gov't</PublicationType>  <PublicationType UI=""D013486"">Research Support, U.S. Gov't, Non-P.H.S.</PublicationType></PublicationTypeList>"
24747440,"<PublicationTypeList>  <PublicationType UI=""D016428"">Journal Article</PublicationType>  <PublicationType UI=""D052061"">Research Support, N.I.H., Extramural</PublicationType>  <PublicationType UI=""D013485"">Research Support, Non-U.S. Gov't</PublicationType>  <PublicationType UI=""D013486"">Research Support, U.S. Gov't, Non-P.H.S.</PublicationType></PublicationTypeList>"
24747441,"<PublicationTypeList>  <PublicationType UI=""D016428"">Journal Article</PublicationType>  <PublicationType UI=""D052061"">Research Support, N.I.H., Extramural</PublicationType>  <PublicationType UI=""D013485"">Research Support, Non-U.S. Gov't</PublicationType>  <PublicationType UI=""D013486"">Research Support, U.S. Gov't, Non-P.H.S.</PublicationType></PublicationTypeList>"
24747527,"<PublicationTypeList>  <PublicationType UI=""D016428"">Journal Article</PublicationType>  <PublicationType UI=""D052061"">Research Support, N.I.H., Extramural</PublicationType>  <PublicationType UI=""D013485"">Research Support, Non-U.S. Gov't</PublicationType>  <PublicationType UI=""D013486"">Research Support, U.S. Gov't, Non-P.H.S.</PublicationType></PublicationTypeList>"
24747528,"<PublicationTypeList>  <PublicationType UI=""D016428"">Journal Article</PublicationType>  <PublicationType UI=""D052061"">Research Support, N.I.H., Extramural</PublicationType>  <PublicationType UI=""D013485"">Research Support, Non-U.S. Gov't</PublicationType>  <PublicationType UI=""D013486"">Research Support, U.S. Gov't, Non-P.H.S.</PublicationType></PublicationTypeList>"
24747574,"<PublicationTypeList>  <PublicationType UI=""D016428"">Journal Article</PublicationType>  <PublicationType UI=""D052061"">Research Support, N.I.H., Extramural</PublicationType>  <PublicationType UI=""D013485"">Research Support, Non-U.S. Gov't</PublicationType>  <PublicationType UI=""D013486"">Research Support, U.S. Gov't, Non-P.H.S.</PublicationType></PublicationTypeList>"
24747575,"<PublicationTypeList>  <PublicationType UI=""D016428"">Journal Article</PublicationType>  <PublicationType UI=""D052061"">Research Support, N.I.H., Extramural</PublicationType>  <PublicationType UI=""D013485"">Research Support, Non-U.S. Gov't</PublicationType>  <PublicationType UI=""D013486"">Research Support, U.S. Gov't, Non-P.H.S.</PublicationType></PublicationTypeList>"
24747576,"<PublicationTypeList>  <PublicationType UI=""D016428"">Journal Article</PublicationType>  <PublicationType UI=""D052061"">Research Support, N.I.H., Extramural</PublicationType>  <PublicationType UI=""D013485"">Research Support, Non-U.S. Gov't</PublicationType>  <PublicationType UI=""D013486"">Research Support, U.S. Gov't, Non-P.H.S.</PublicationType></PublicationTypeList>"
24747577,"<PublicationTypeList>  <PublicationType UI=""D016428"">Journal Article</PublicationType>  <PublicationType UI=""D052061"">Research Support, N.I.H., Extramural</PublicationType>  <PublicationType UI=""D013485"">Research Support, Non-U.S. Gov't</PublicationType>  <PublicationType UI=""D013486"">Research Support, U.S. Gov't, Non-P.H.S.</PublicationType></PublicationTypeList>"
24747639,"<PublicationTypeList>  <PublicationType UI=""D016428"">Journal Article</PublicationType>  <PublicationType UI=""D052061"">Research Support, N.I.H., Extramural</PublicationType>  <PublicationType UI=""D013485"">Research Support, Non-U.S. Gov't</PublicationType>  <PublicationType UI=""D013486"">Research Support, U.S. Gov't, Non-P.H.S.</PublicationType></PublicationTypeList>"
24747640,"<PublicationTypeList>  <PublicationType UI=""D016428"">Journal Article</PublicationType>  <PublicationType UI=""D052061"">Research Support, N.I.H., Extramural</PublicationType>  <PublicationType UI=""D013485"">Research Support, Non-U.S. Gov't</PublicationType>  <PublicationType UI=""D013486"">Research Support, U.S. Gov't, Non-P.H.S.</PublicationType></PublicationTypeList>"
24747641,"<PublicationTypeList>  <PublicationType UI=""D016428"">Journal Article</PublicationType>  <PublicationType UI=""D052061"">Research Support, N.I.H., Extramural</PublicationType>  <PublicationType UI=""D013485"">Research Support, Non-U.S. Gov't</PublicationType>  <PublicationType UI=""D013486"">Research Support, U.S. Gov't, Non-P.H.S.</PublicationType></PublicationTypeList>"
24747642,"<PublicationTypeList>  <PublicationType UI=""D016428"">Journal Article</PublicationType>  <PublicationType UI=""D052061"">Research Support, N.I.H., Extramural</PublicationType>  <PublicationType UI=""D013485"">Research Support, Non-U.S. Gov't</PublicationType>  <PublicationType UI=""D013486"">Research Support, U.S. Gov't, Non-P.H.S.</PublicationType></PublicationTypeList>"
24747643,"<PublicationTypeList>  <PublicationType UI=""D016428"">Journal Article</PublicationType>  <PublicationType UI=""D052061"">Research Support, N.I.H., Extramural</PublicationType>  <PublicationType UI=""D013485"">Research Support, Non-U.S. Gov't</PublicationType>  <PublicationType UI=""D013486"">Research Support, U.S. Gov't, Non-P.H.S.</PublicationType></PublicationTypeList>"
24747744,"<PublicationTypeList>  <PublicationType UI=""D016428"">Journal Article</PublicationType>  <PublicationType UI=""D052061"">Research Support, N.I.H., Extramural</PublicationType>  <PublicationType UI=""D013485"">Research Support, Non-U.S. Gov't</PublicationType>  <PublicationType UI=""D013486"">Research Support, U.S. Gov't, Non-P.H.S.</PublicationType></PublicationTypeList>"
24747745,"<PublicationTypeList>  <PublicationType UI=""D016428"">Journal Article</PublicationType>  <PublicationType UI=""D052061"">Research Support, N.I.H., Extramural</PublicationType>  <PublicationType UI=""D013485"">Research Support, Non-U.S. Gov't</PublicationType>  <PublicationType UI=""D013486"">Research Support, U.S. Gov't, Non-P.H.S.</PublicationType></PublicationTypeList>"
24747746,"<PublicationTypeList>  <PublicationType UI=""D016428"">Journal Article</PublicationType>  <PublicationType UI=""D052061"">Research Support, N.I.H., Extramural</PublicationType>  <PublicationType UI=""D013485"">Research Support, Non-U.S. Gov't</PublicationType>  <PublicationType UI=""D013486"">Research Support, U.S. Gov't, Non-P.H.S.</PublicationType></PublicationTypeList>"
24747747,"<PublicationTypeList>  <PublicationType UI=""D016428"">Journal Article</PublicationType>  <PublicationType UI=""D052061"">Research Support, N.I.H., Extramural</PublicationType>  <PublicationType UI=""D013485"">Research Support, Non-U.S. Gov't</PublicationType>  <PublicationType UI=""D013486"">Research Support, U.S. Gov't, Non-P.H.S.</PublicationType></PublicationTypeList>"
24752077,"<PublicationTypeList>  <PublicationType UI=""D016428"">Journal Article</PublicationType>  <PublicationType UI=""D052061"">Research Support, N.I.H., Extramural</PublicationType>  <PublicationType UI=""D013485"">Research Support, Non-U.S. Gov't</PublicationType>  <PublicationType UI=""D013486"">Research Support, U.S. Gov't, Non-P.H.S.</PublicationType></PublicationTypeList>"
24752078,"<PublicationTypeList>  <PublicationType UI=""D016428"">Journal Article</PublicationType>  <PublicationType UI=""D052061"">Research Support, N.I.H., Extramural</PublicationType>  <PublicationType UI=""D013485"">Research Support, Non-U.S. Gov't</PublicationType>  <PublicationType UI=""D013486"">Research Support, U.S. Gov't, Non-P.H.S.</PublicationType></PublicationTypeList>"
24752079,"<PublicationTypeList>  <PublicationType UI=""D016428"">Journal Article</PublicationType>  <PublicationType UI=""D052061"">Research Support, N.I.H., Extramural</PublicationType>  <PublicationType UI=""D013485"">Research Support, Non-U.S. Gov't</PublicationType>  <PublicationType UI=""D013486"">Research Support, U.S. Gov't, Non-P.H.S.</PublicationType></PublicationTypeList>"
24752080,"<PublicationTypeList>  <PublicationType UI=""D016428"">Journal Article</PublicationType>  <PublicationType UI=""D052061"">Research Support, N.I.H., Extramural</PublicationType>  <PublicationType UI=""D013485"">Research Support, Non-U.S. Gov't</PublicationType>  <PublicationType UI=""D013486"">Research Support, U.S. Gov't, Non-P.H.S.</PublicationType></PublicationTypeList>"
24752081,"<PublicationTypeList>  <PublicationType UI=""D016428"">Journal Article</PublicationType>  <PublicationType UI=""D052061"">Research Support, N.I.H., Extramural</PublicationType>  <PublicationType UI=""D013485"">Research Support, Non-U.S. Gov't</PublicationType>  <PublicationType UI=""D013486"">Research Support, U.S. Gov't, Non-P.H.S.</PublicationType></PublicationTypeList>"
24755780,"<PublicationTypeList>  <PublicationType UI=""D016428"">Journal Article</PublicationType>  <PublicationType UI=""D052061"">Research Support, N.I.H., Extramural</PublicationType>  <PublicationType UI=""D013485"">Research Support, Non-U.S. Gov't</PublicationType>  <PublicationType UI=""D013486"">Research Support, U.S. Gov't, Non-P.H.S.</PublicationType></PublicationTypeList>"
24762718,"<PublicationTypeList>  <PublicationType UI=""D016428"">Journal Article</PublicationType>  <PublicationType UI=""D052061"">Research Support, N.I.H., Extramural</PublicationType>  <PublicationType UI=""D013485"">Research Support, Non-U.S. Gov't</PublicationType>  <PublicationType UI=""D013486"">Research Support, U.S. Gov't, Non-P.H.S.</PublicationType></PublicationTypeList>"
24768299,"<PublicationTypeList>  <PublicationType UI=""D016428"">Journal Article</PublicationType>  <PublicationType UI=""D052061"">Research Support, N.I.H., Extramural</PublicationType>  <PublicationType UI=""D013485"">Research Support, Non-U.S. Gov't</PublicationType>  <PublicationType UI=""D013486"">Research Support, U.S. Gov't, Non-P.H.S.</PublicationType></PublicationTypeList>"
24768300,"<PublicationTypeList>  <PublicationType UI=""D016428"">Journal Article</PublicationType>  <PublicationType UI=""D052061"">Research Support, N.I.H., Extramural</PublicationType>  <PublicationType UI=""D013485"">Research Support, Non-U.S. Gov't</PublicationType>  <PublicationType UI=""D013486"">Research Support, U.S. Gov't, Non-P.H.S.</PublicationType></PublicationTypeList>"
24770324,"<PublicationTypeList>  <PublicationType UI=""D016428"">Journal Article</PublicationType>  <PublicationType UI=""D052061"">Research Support, N.I.H., Extramural</PublicationType>  <PublicationType UI=""D013485"">Research Support, Non-U.S. Gov't</PublicationType>  <PublicationType UI=""D013486"">Research Support, U.S. Gov't, Non-P.H.S.</PublicationType></PublicationTypeList>"
24770325,"<PublicationTypeList>  <PublicationType UI=""D016428"">Journal Article</PublicationType>  <PublicationType UI=""D052061"">Research Support, N.I.H., Extramural</PublicationType>  <PublicationType UI=""D013485"">Research Support, Non-U.S. Gov't</PublicationType>  <PublicationType UI=""D013486"">Research Support, U.S. Gov't, Non-P.H.S.</PublicationType></PublicationTypeList>"
24776884,"<PublicationTypeList>  <PublicationType UI=""D016428"">Journal Article</PublicationType>  <PublicationType UI=""D052061"">Research Support, N.I.H., Extramural</PublicationType>  <PublicationType UI=""D013485"">Research Support, Non-U.S. Gov't</PublicationType>  <PublicationType UI=""D013486"">Research Support, U.S. Gov't, Non-P.H.S.</PublicationType></PublicationTypeList>"
24776885,"<PublicationTypeList>  <PublicationType UI=""D016428"">Journal Article</PublicationType>  <PublicationType UI=""D052061"">Research Support, N.I.H., Extramural</PublicationType>  <PublicationType UI=""D013485"">Research Support, Non-U.S. Gov't</PublicationType>  <PublicationType UI=""D013486"">Research Support, U.S. Gov't, Non-P.H.S.</PublicationType></PublicationTypeList>"
24776928,"<PublicationTypeList>  <PublicationType UI=""D016428"">Journal Article</PublicationType>  <PublicationType UI=""D052061"">Research Support, N.I.H., Extramural</PublicationType>  <PublicationType UI=""D013485"">Research Support, Non-U.S. Gov't</PublicationType>  <PublicationType UI=""D013486"">Research Support, U.S. Gov't, Non-P.H.S.</PublicationType></PublicationTypeList>"
24776929,"<PublicationTypeList>  <PublicationType UI=""D016428"">Journal Article</PublicationType>  <PublicationType UI=""D052061"">Research Support, N.I.H., Extramural</PublicationType>  <PublicationType UI=""D013485"">Research Support, Non-U.S. Gov't</PublicationType>  <PublicationType UI=""D013486"">Research Support, U.S. Gov't, Non-P.H.S.</PublicationType></PublicationTypeList>"
24776930,"<PublicationTypeList>  <PublicationType UI=""D016428"">Journal Article</PublicationType>  <PublicationType UI=""D052061"">Research Support, N.I.H., Extramural</PublicationType>  <PublicationType UI=""D013485"">Research Support, Non-U.S. Gov't</PublicationType>  <PublicationType UI=""D013486"">Research Support, U.S. Gov't, Non-P.H.S.</PublicationType></PublicationTypeList>"
24777419,"<PublicationTypeList>  <PublicationType UI=""D016428"">Journal Article</PublicationType>  <PublicationType UI=""D052061"">Research Support, N.I.H., Extramural</PublicationType>  <PublicationType UI=""D013485"">Research Support, Non-U.S. Gov't</PublicationType>  <PublicationType UI=""D013486"">Research Support, U.S. Gov't, Non-P.H.S.</PublicationType></PublicationTypeList>"
24777420,"<PublicationTypeList>  <PublicationType UI=""D016428"">Journal Article</PublicationType>  <PublicationType UI=""D052061"">Research Support, N.I.H., Extramural</PublicationType>  <PublicationType UI=""D013485"">Research Support, Non-U.S. Gov't</PublicationType>  <PublicationType UI=""D013486"">Research Support, U.S. Gov't, Non-P.H.S.</PublicationType></PublicationTypeList>"
24777449,"<PublicationTypeList>  <PublicationType UI=""D016428"">Journal Article</PublicationType>  <PublicationType UI=""D052061"">Research Support, N.I.H., Extramural</PublicationType>  <PublicationType UI=""D013485"">Research Support, Non-U.S. Gov't</PublicationType>  <PublicationType UI=""D013486"">Research Support, U.S. Gov't, Non-P.H.S.</PublicationType></PublicationTypeList>"
24777450,"<PublicationTypeList>  <PublicationType UI=""D016428"">Journal Article</PublicationType>  <PublicationType UI=""D052061"">Research Support, N.I.H., Extramural</PublicationType>  <PublicationType UI=""D013485"">Research Support, Non-U.S. Gov't</PublicationType>  <PublicationType UI=""D013486"">Research Support, U.S. Gov't, Non-P.H.S.</PublicationType></PublicationTypeList>"
24777451,"<PublicationTypeList>  <PublicationType UI=""D016428"">Journal Article</PublicationType>  <PublicationType UI=""D052061"">Research Support, N.I.H., Extramural</PublicationType>  <PublicationType UI=""D013485"">Research Support, Non-U.S. Gov't</PublicationType>  <PublicationType UI=""D013486"">Research Support, U.S. Gov't, Non-P.H.S.</PublicationType></PublicationTypeList>"
24777452,"<PublicationTypeList>  <PublicationType UI=""D016428"">Journal Article</PublicationType>  <PublicationType UI=""D052061"">Research Support, N.I.H., Extramural</PublicationType>  <PublicationType UI=""D013485"">Research Support, Non-U.S. Gov't</PublicationType>  <PublicationType UI=""D013486"">Research Support, U.S. Gov't, Non-P.H.S.</PublicationType></PublicationTypeList>"
24777453,"<PublicationTypeList>  <PublicationType UI=""D016428"">Journal Article</PublicationType>  <PublicationType UI=""D052061"">Research Support, N.I.H., Extramural</PublicationType>  <PublicationType UI=""D013485"">Research Support, Non-U.S. Gov't</PublicationType>  <PublicationType UI=""D013486"">Research Support, U.S. Gov't, Non-P.H.S.</PublicationType></PublicationTypeList>"
24784230,"<PublicationTypeList>  <PublicationType UI=""D016428"">Journal Article</PublicationType>  <PublicationType UI=""D052061"">Research Support, N.I.H., Extramural</PublicationType>  <PublicationType UI=""D013485"">Research Support, Non-U.S. Gov't</PublicationType>  <PublicationType UI=""D013486"">Research Support, U.S. Gov't, Non-P.H.S.</PublicationType></PublicationTypeList>"
24784231,"<PublicationTypeList>  <PublicationType UI=""D016428"">Journal Article</PublicationType>  <PublicationType UI=""D052061"">Research Support, N.I.H., Extramural</PublicationType>  <PublicationType UI=""D013485"">Research Support, Non-U.S. Gov't</PublicationType>  <PublicationType UI=""D013486"">Research Support, U.S. Gov't, Non-P.H.S.</PublicationType></PublicationTypeList>"
24784232,"<PublicationTypeList>  <PublicationType UI=""D016428"">Journal Article</PublicationType>  <PublicationType UI=""D052061"">Research Support, N.I.H., Extramural</PublicationType>  <PublicationType UI=""D013485"">Research Support, Non-U.S. Gov't</PublicationType>  <PublicationType UI=""D013486"">Research Support, U.S. Gov't, Non-P.H.S.</PublicationType></PublicationTypeList>"
24792108,"<PublicationTypeList>  <PublicationType UI=""D016428"">Journal Article</PublicationType>  <PublicationType UI=""D052061"">Research Support, N.I.H., Extramural</PublicationType>  <PublicationType UI=""D013485"">Research Support, Non-U.S. Gov't</PublicationType>  <PublicationType UI=""D013486"">Research Support, U.S. Gov't, Non-P.H.S.</PublicationType></PublicationTypeList>"
24792109,"<PublicationTypeList>  <PublicationType UI=""D016428"">Journal Article</PublicationType>  <PublicationType UI=""D052061"">Research Support, N.I.H., Extramural</PublicationType>  <PublicationType UI=""D013485"">Research Support, Non-U.S. Gov't</PublicationType>  <PublicationType UI=""D013486"">Research Support, U.S. Gov't, Non-P.H.S.</PublicationType></PublicationTypeList>"
24792110,"<PublicationTypeList>  <PublicationType UI=""D016428"">Journal Article</PublicationType>  <PublicationType UI=""D052061"">Research Support, N.I.H., Extramural</PublicationType>  <PublicationType UI=""D013485"">Research Support, Non-U.S. Gov't</PublicationType>  <PublicationType UI=""D013486"">Research Support, U.S. Gov't, Non-P.H.S.</PublicationType></PublicationTypeList>"
24792111,"<PublicationTypeList>  <PublicationType UI=""D016428"">Journal Article</PublicationType>  <PublicationType UI=""D052061"">Research Support, N.I.H., Extramural</PublicationType>  <PublicationType UI=""D013485"">Research Support, Non-U.S. Gov't</PublicationType>  <PublicationType UI=""D013486"">Research Support, U.S. Gov't, Non-P.H.S.</PublicationType></PublicationTypeList>"
24792112,"<PublicationTypeList>  <PublicationType UI=""D016428"">Journal Article</PublicationType>  <PublicationType UI=""D052061"">Research Support, N.I.H., Extramural</PublicationType>  <PublicationType UI=""D013485"">Research Support, Non-U.S. Gov't</PublicationType>  <PublicationType UI=""D013486"">Research Support, U.S. Gov't, Non-P.H.S.</PublicationType></PublicationTypeList>"
24792114,"<PublicationTypeList>  <PublicationType UI=""D016428"">Journal Article</PublicationType>  <PublicationType UI=""D052061"">Research Support, N.I.H., Extramural</PublicationType>  <PublicationType UI=""D013485"">Research Support, Non-U.S. Gov't</PublicationType>  <PublicationType UI=""D013486"">Research Support, U.S. Gov't, Non-P.H.S.</PublicationType></PublicationTypeList>"
24792115,"<PublicationTypeList>  <PublicationType UI=""D016428"">Journal Article</PublicationType>  <PublicationType UI=""D052061"">Research Support, N.I.H., Extramural</PublicationType>  <PublicationType UI=""D013485"">Research Support, Non-U.S. Gov't</PublicationType>  <PublicationType UI=""D013486"">Research Support, U.S. Gov't, Non-P.H.S.</PublicationType></PublicationTypeList>"
24792116,"<PublicationTypeList>  <PublicationType UI=""D016428"">Journal Article</PublicationType>  <PublicationType UI=""D052061"">Research Support, N.I.H., Extramural</PublicationType>  <PublicationType UI=""D013485"">Research Support, Non-U.S. Gov't</PublicationType>  <PublicationType UI=""D013486"">Research Support, U.S. Gov't, Non-P.H.S.</PublicationType></PublicationTypeList>"
24792117,"<PublicationTypeList>  <PublicationType UI=""D016428"">Journal Article</PublicationType>  <PublicationType UI=""D052061"">Research Support, N.I.H., Extramural</PublicationType>  <PublicationType UI=""D013485"">Research Support, Non-U.S. Gov't</PublicationType>  <PublicationType UI=""D013486"">Research Support, U.S. Gov't, Non-P.H.S.</PublicationType></PublicationTypeList>"
24792118,"<PublicationTypeList>  <PublicationType UI=""D016428"">Journal Article</PublicationType>  <PublicationType UI=""D052061"">Research Support, N.I.H., Extramural</PublicationType>  <PublicationType UI=""D013485"">Research Support, Non-U.S. Gov't</PublicationType>  <PublicationType UI=""D013486"">Research Support, U.S. Gov't, Non-P.H.S.</PublicationType></PublicationTypeList>"
24792119,"<PublicationTypeList>  <PublicationType UI=""D016428"">Journal Article</PublicationType>  <PublicationType UI=""D052061"">Research Support, N.I.H., Extramural</PublicationType>  <PublicationType UI=""D013485"">Research Support, Non-U.S. Gov't</PublicationType>  <PublicationType UI=""D013486"">Research Support, U.S. Gov't, Non-P.H.S.</PublicationType></PublicationTypeList>"
24792952,"<PublicationTypeList>  <PublicationType UI=""D016428"">Journal Article</PublicationType>  <PublicationType UI=""D052061"">Research Support, N.I.H., Extramural</PublicationType>  <PublicationType UI=""D013485"">Research Support, Non-U.S. Gov't</PublicationType>  <PublicationType UI=""D013486"">Research Support, U.S. Gov't, Non-P.H.S.</PublicationType></PublicationTypeList>"
24793032,"<PublicationTypeList>  <PublicationType UI=""D016428"">Journal Article</PublicationType>  <PublicationType UI=""D052061"">Research Support, N.I.H., Extramural</PublicationType>  <PublicationType UI=""D013485"">Research Support, Non-U.S. Gov't</PublicationType>  <PublicationType UI=""D013486"">Research Support, U.S. Gov't, Non-P.H.S.</PublicationType></PublicationTypeList>"
24793134,"<PublicationTypeList>  <PublicationType UI=""D016428"">Journal Article</PublicationType>  <PublicationType UI=""D052061"">Research Support, N.I.H., Extramural</PublicationType>  <PublicationType UI=""D013485"">Research Support, Non-U.S. Gov't</PublicationType>  <PublicationType UI=""D013486"">Research Support, U.S. Gov't, Non-P.H.S.</PublicationType></PublicationTypeList>"
24793135,"<PublicationTypeList>  <PublicationType UI=""D016428"">Journal Article</PublicationType>  <PublicationType UI=""D052061"">Research Support, N.I.H., Extramural</PublicationType>  <PublicationType UI=""D013485"">Research Support, Non-U.S. Gov't</PublicationType>  <PublicationType UI=""D013486"">Research Support, U.S. Gov't, Non-P.H.S.</PublicationType></PublicationTypeList>"
24793136,"<PublicationTypeList>  <PublicationType UI=""D016428"">Journal Article</PublicationType>  <PublicationType UI=""D052061"">Research Support, N.I.H., Extramural</PublicationType>  <PublicationType UI=""D013485"">Research Support, Non-U.S. Gov't</PublicationType>  <PublicationType UI=""D013486"">Research Support, U.S. Gov't, Non-P.H.S.</PublicationType></PublicationTypeList>"
24793237,"<PublicationTypeList>  <PublicationType UI=""D016428"">Journal Article</PublicationType>  <PublicationType UI=""D052061"">Research Support, N.I.H., Extramural</PublicationType>  <PublicationType UI=""D013485"">Research Support, Non-U.S. Gov't</PublicationType>  <PublicationType UI=""D013486"">Research Support, U.S. Gov't, Non-P.H.S.</PublicationType></PublicationTypeList>"
24793238,"<PublicationTypeList>  <PublicationType UI=""D016428"">Journal Article</PublicationType>  <PublicationType UI=""D052061"">Research Support, N.I.H., Extramural</PublicationType>  <PublicationType UI=""D013485"">Research Support, Non-U.S. Gov't</PublicationType>  <PublicationType UI=""D013486"">Research Support, U.S. Gov't, Non-P.H.S.</PublicationType></PublicationTypeList>"
24793239,"<PublicationTypeList>  <PublicationType UI=""D016428"">Journal Article</PublicationType>  <PublicationType UI=""D052061"">Research Support, N.I.H., Extramural</PublicationType>  <PublicationType UI=""D013485"">Research Support, Non-U.S. Gov't</PublicationType>  <PublicationType UI=""D013486"">Research Support, U.S. Gov't, Non-P.H.S.</PublicationType></PublicationTypeList>"
24794094,"<PublicationTypeList>  <PublicationType UI=""D016428"">Journal Article</PublicationType>  <PublicationType UI=""D052061"">Research Support, N.I.H., Extramural</PublicationType>  <PublicationType UI=""D013485"">Research Support, Non-U.S. Gov't</PublicationType>  <PublicationType UI=""D013486"">Research Support, U.S. Gov't, Non-P.H.S.</PublicationType></PublicationTypeList>"
24794095,"<PublicationTypeList>  <PublicationType UI=""D016428"">Journal Article</PublicationType>  <PublicationType UI=""D052061"">Research Support, N.I.H., Extramural</PublicationType>  <PublicationType UI=""D013485"">Research Support, Non-U.S. Gov't</PublicationType>  <PublicationType UI=""D013486"">Research Support, U.S. Gov't, Non-P.H.S.</PublicationType></PublicationTypeList>"
24804750,"<PublicationTypeList>  <PublicationType UI=""D016428"">Journal Article</PublicationType>  <PublicationType UI=""D052061"">Research Support, N.I.H., Extramural</PublicationType>  <PublicationType UI=""D013485"">Research Support, Non-U.S. Gov't</PublicationType>  <PublicationType UI=""D013486"">Research Support, U.S. Gov't, Non-P.H.S.</PublicationType></PublicationTypeList>"
24804751,"<PublicationTypeList>  <PublicationType UI=""D016428"">Journal Article</PublicationType>  <PublicationType UI=""D052061"">Research Support, N.I.H., Extramural</PublicationType>  <PublicationType UI=""D013485"">Research Support, Non-U.S. Gov't</PublicationType>  <PublicationType UI=""D013486"">Research Support, U.S. Gov't, Non-P.H.S.</PublicationType></PublicationTypeList>"
24804752,"<PublicationTypeList>  <PublicationType UI=""D016428"">Journal Article</PublicationType>  <PublicationType UI=""D052061"">Research Support, N.I.H., Extramural</PublicationType>  <PublicationType UI=""D013485"">Research Support, Non-U.S. Gov't</PublicationType>  <PublicationType UI=""D013486"">Research Support, U.S. Gov't, Non-P.H.S.</PublicationType></PublicationTypeList>"
24804753,"<PublicationTypeList>  <PublicationType UI=""D016428"">Journal Article</PublicationType>  <PublicationType UI=""D052061"">Research Support, N.I.H., Extramural</PublicationType>  <PublicationType UI=""D013485"">Research Support, Non-U.S. Gov't</PublicationType>  <PublicationType UI=""D013486"">Research Support, U.S. Gov't, Non-P.H.S.</PublicationType></PublicationTypeList>"
24804754,"<PublicationTypeList>  <PublicationType UI=""D016428"">Journal Article</PublicationType>  <PublicationType UI=""D052061"">Research Support, N.I.H., Extramural</PublicationType>  <PublicationType UI=""D013485"">Research Support, Non-U.S. Gov't</PublicationType>  <PublicationType UI=""D013486"">Research Support, U.S. Gov't, Non-P.H.S.</PublicationType></PublicationTypeList>"
24804755,"<PublicationTypeList>  <PublicationType UI=""D016428"">Journal Article</PublicationType>  <PublicationType UI=""D052061"">Research Support, N.I.H., Extramural</PublicationType>  <PublicationType UI=""D013485"">Research Support, Non-U.S. Gov't</PublicationType>  <PublicationType UI=""D013486"">Research Support, U.S. Gov't, Non-P.H.S.</PublicationType></PublicationTypeList>"
24804756,"<PublicationTypeList>  <PublicationType UI=""D016428"">Journal Article</PublicationType>  <PublicationType UI=""D052061"">Research Support, N.I.H., Extramural</PublicationType>  <PublicationType UI=""D013485"">Research Support, Non-U.S. Gov't</PublicationType>  <PublicationType UI=""D013486"">Research Support, U.S. Gov't, Non-P.H.S.</PublicationType></PublicationTypeList>"
24804757,"<PublicationTypeList>  <PublicationType UI=""D016428"">Journal Article</PublicationType>  <PublicationType UI=""D052061"">Research Support, N.I.H., Extramural</PublicationType>  <PublicationType UI=""D013485"">Research Support, Non-U.S. Gov't</PublicationType>  <PublicationType UI=""D013486"">Research Support, U.S. Gov't, Non-P.H.S.</PublicationType></PublicationTypeList>"
24811373,"<PublicationTypeList>  <PublicationType UI=""D016428"">Journal Article</PublicationType>  <PublicationType UI=""D052061"">Research Support, N.I.H., Extramural</PublicationType>  <PublicationType UI=""D013485"">Research Support, Non-U.S. Gov't</PublicationType>  <PublicationType UI=""D013486"">Research Support, U.S. Gov't, Non-P.H.S.</PublicationType></PublicationTypeList>"
24811374,"<PublicationTypeList>  <PublicationType UI=""D016428"">Journal Article</PublicationType>  <PublicationType UI=""D052061"">Research Support, N.I.H., Extramural</PublicationType>  <PublicationType UI=""D013485"">Research Support, Non-U.S. Gov't</PublicationType>  <PublicationType UI=""D013486"">Research Support, U.S. Gov't, Non-P.H.S.</PublicationType></PublicationTypeList>"
24811375,"<PublicationTypeList>  <PublicationType UI=""D016428"">Journal Article</PublicationType>  <PublicationType UI=""D052061"">Research Support, N.I.H., Extramural</PublicationType>  <PublicationType UI=""D013485"">Research Support, Non-U.S. Gov't</PublicationType>  <PublicationType UI=""D013486"">Research Support, U.S. Gov't, Non-P.H.S.</PublicationType></PublicationTypeList>"
24811376,"<PublicationTypeList>  <PublicationType UI=""D016428"">Journal Article</PublicationType>  <PublicationType UI=""D052061"">Research Support, N.I.H., Extramural</PublicationType>  <PublicationType UI=""D013485"">Research Support, Non-U.S. Gov't</PublicationType>  <PublicationType UI=""D013486"">Research Support, U.S. Gov't, Non-P.H.S.</PublicationType></PublicationTypeList>"
24811377,"<PublicationTypeList>  <PublicationType UI=""D016428"">Journal Article</PublicationType>  <PublicationType UI=""D052061"">Research Support, N.I.H., Extramural</PublicationType>  <PublicationType UI=""D013485"">Research Support, Non-U.S. Gov't</PublicationType>  <PublicationType UI=""D013486"">Research Support, U.S. Gov't, Non-P.H.S.</PublicationType></PublicationTypeList>"
24811378,"<PublicationTypeList>  <PublicationType UI=""D016428"">Journal Article</PublicationType>  <PublicationType UI=""D052061"">Research Support, N.I.H., Extramural</PublicationType>  <PublicationType UI=""D013485"">Research Support, Non-U.S. Gov't</PublicationType>  <PublicationType UI=""D013486"">Research Support, U.S. Gov't, Non-P.H.S.</PublicationType></PublicationTypeList>"
24811379,"<PublicationTypeList>  <PublicationType UI=""D016428"">Journal Article</PublicationType>  <PublicationType UI=""D052061"">Research Support, N.I.H., Extramural</PublicationType>  <PublicationType UI=""D013485"">Research Support, Non-U.S. Gov't</PublicationType>  <PublicationType UI=""D013486"">Research Support, U.S. Gov't, Non-P.H.S.</PublicationType></PublicationTypeList>"
24811380,"<PublicationTypeList>  <PublicationType UI=""D016428"">Journal Article</PublicationType>  <PublicationType UI=""D052061"">Research Support, N.I.H., Extramural</PublicationType>  <PublicationType UI=""D013485"">Research Support, Non-U.S. Gov't</PublicationType>  <PublicationType UI=""D013486"">Research Support, U.S. Gov't, Non-P.H.S.</PublicationType></PublicationTypeList>"
24811381,"<PublicationTypeList>  <PublicationType UI=""D016428"">Journal Article</PublicationType>  <PublicationType UI=""D052061"">Research Support, N.I.H., Extramural</PublicationType>  <PublicationType UI=""D013485"">Research Support, Non-U.S. Gov't</PublicationType>  <PublicationType UI=""D013486"">Research Support, U.S. Gov't, Non-P.H.S.</PublicationType></PublicationTypeList>"
24811382,"<PublicationTypeList>  <PublicationType UI=""D016428"">Journal Article</PublicationType>  <PublicationType UI=""D052061"">Research Support, N.I.H., Extramural</PublicationType>  <PublicationType UI=""D013485"">Research Support, Non-U.S. Gov't</PublicationType>  <PublicationType UI=""D013486"">Research Support, U.S. Gov't, Non-P.H.S.</PublicationType></PublicationTypeList>"
24811383,"<PublicationTypeList>  <PublicationType UI=""D016428"">Journal Article</PublicationType>  <PublicationType UI=""D052061"">Research Support, N.I.H., Extramural</PublicationType>  <PublicationType UI=""D013485"">Research Support, Non-U.S. Gov't</PublicationType>  <PublicationType UI=""D013486"">Research Support, U.S. Gov't, Non-P.H.S.</PublicationType></PublicationTypeList>"
24811384,"<PublicationTypeList>  <PublicationType UI=""D016428"">Journal Article</PublicationType>  <PublicationType UI=""D052061"">Research Support, N.I.H., Extramural</PublicationType>  <PublicationType UI=""D013485"">Research Support, Non-U.S. Gov't</PublicationType>  <PublicationType UI=""D013486"">Research Support, U.S. Gov't, Non-P.H.S.</PublicationType></PublicationTypeList>"
24811385,"<PublicationTypeList>  <PublicationType UI=""D016428"">Journal Article</PublicationType>  <PublicationType UI=""D052061"">Research Support, N.I.H., Extramural</PublicationType>  <PublicationType UI=""D013485"">Research Support, Non-U.S. Gov't</PublicationType>  <PublicationType UI=""D013486"">Research Support, U.S. Gov't, Non-P.H.S.</PublicationType></PublicationTypeList>"
24811386,"<PublicationTypeList>  <PublicationType UI=""D016428"">Journal Article</PublicationType>  <PublicationType UI=""D052061"">Research Support, N.I.H., Extramural</PublicationType>  <PublicationType UI=""D013485"">Research Support, Non-U.S. Gov't</PublicationType>  <PublicationType UI=""D013486"">Research Support, U.S. Gov't, Non-P.H.S.</PublicationType></PublicationTypeList>"
24811387,"<PublicationTypeList>  <PublicationType UI=""D016428"">Journal Article</PublicationType>  <PublicationType UI=""D052061"">Research Support, N.I.H., Extramural</PublicationType>  <PublicationType UI=""D013485"">Research Support, Non-U.S. Gov't</PublicationType>  <PublicationType UI=""D013486"">Research Support, U.S. Gov't, Non-P.H.S.</PublicationType></PublicationTypeList>"
24811507,"<PublicationTypeList>  <PublicationType UI=""D016428"">Journal Article</PublicationType>  <PublicationType UI=""D052061"">Research Support, N.I.H., Extramural</PublicationType>  <PublicationType UI=""D013485"">Research Support, Non-U.S. Gov't</PublicationType>  <PublicationType UI=""D013486"">Research Support, U.S. Gov't, Non-P.H.S.</PublicationType></PublicationTypeList>"
24811508,"<PublicationTypeList>  <PublicationType UI=""D016428"">Journal Article</PublicationType>  <PublicationType UI=""D052061"">Research Support, N.I.H., Extramural</PublicationType>  <PublicationType UI=""D013485"">Research Support, Non-U.S. Gov't</PublicationType>  <PublicationType UI=""D013486"">Research Support, U.S. Gov't, Non-P.H.S.</PublicationType></PublicationTypeList>"
24811512,"<PublicationTypeList>  <PublicationType UI=""D016428"">Journal Article</PublicationType>  <PublicationType UI=""D052061"">Research Support, N.I.H., Extramural</PublicationType>  <PublicationType UI=""D013485"">Research Support, Non-U.S. Gov't</PublicationType>  <PublicationType UI=""D013486"">Research Support, U.S. Gov't, Non-P.H.S.</PublicationType></PublicationTypeList>"
24811513,"<PublicationTypeList>  <PublicationType UI=""D016428"">Journal Article</PublicationType>  <PublicationType UI=""D052061"">Research Support, N.I.H., Extramural</PublicationType>  <PublicationType UI=""D013485"">Research Support, Non-U.S. Gov't</PublicationType>  <PublicationType UI=""D013486"">Research Support, U.S. Gov't, Non-P.H.S.</PublicationType></PublicationTypeList>"
24811515,"<PublicationTypeList>  <PublicationType UI=""D016428"">Journal Article</PublicationType>  <PublicationType UI=""D052061"">Research Support, N.I.H., Extramural</PublicationType>  <PublicationType UI=""D013485"">Research Support, Non-U.S. Gov't</PublicationType>  <PublicationType UI=""D013486"">Research Support, U.S. Gov't, Non-P.H.S.</PublicationType></PublicationTypeList>"
24811516,"<PublicationTypeList>  <PublicationType UI=""D016428"">Journal Article</PublicationType>  <PublicationType UI=""D052061"">Research Support, N.I.H., Extramural</PublicationType>  <PublicationType UI=""D013485"">Research Support, Non-U.S. Gov't</PublicationType>  <PublicationType UI=""D013486"">Research Support, U.S. Gov't, Non-P.H.S.</PublicationType></PublicationTypeList>"
24811517,"<PublicationTypeList>  <PublicationType UI=""D016428"">Journal Article</PublicationType>  <PublicationType UI=""D052061"">Research Support, N.I.H., Extramural</PublicationType>  <PublicationType UI=""D013485"">Research Support, Non-U.S. Gov't</PublicationType>  <PublicationType UI=""D013486"">Research Support, U.S. Gov't, Non-P.H.S.</PublicationType></PublicationTypeList>"
24811519,"<PublicationTypeList>  <PublicationType UI=""D016428"">Journal Article</PublicationType>  <PublicationType UI=""D052061"">Research Support, N.I.H., Extramural</PublicationType>  <PublicationType UI=""D013485"">Research Support, Non-U.S. Gov't</PublicationType>  <PublicationType UI=""D013486"">Research Support, U.S. Gov't, Non-P.H.S.</PublicationType></PublicationTypeList>"
24811520,"<PublicationTypeList>  <PublicationType UI=""D016428"">Journal Article</PublicationType>  <PublicationType UI=""D052061"">Research Support, N.I.H., Extramural</PublicationType>  <PublicationType UI=""D013485"">Research Support, Non-U.S. Gov't</PublicationType>  <PublicationType UI=""D013486"">Research Support, U.S. Gov't, Non-P.H.S.</PublicationType></PublicationTypeList>"
24811521,"<PublicationTypeList>  <PublicationType UI=""D016428"">Journal Article</PublicationType>  <PublicationType UI=""D052061"">Research Support, N.I.H., Extramural</PublicationType>  <PublicationType UI=""D013485"">Research Support, Non-U.S. Gov't</PublicationType>  <PublicationType UI=""D013486"">Research Support, U.S. Gov't, Non-P.H.S.</PublicationType></PublicationTypeList>"
24813249,"<PublicationTypeList>  <PublicationType UI=""D016428"">Journal Article</PublicationType>  <PublicationType UI=""D052061"">Research Support, N.I.H., Extramural</PublicationType>  <PublicationType UI=""D013485"">Research Support, Non-U.S. Gov't</PublicationType>  <PublicationType UI=""D013486"">Research Support, U.S. Gov't, Non-P.H.S.</PublicationType></PublicationTypeList>"
24813250,"<PublicationTypeList>  <PublicationType UI=""D016428"">Journal Article</PublicationType>  <PublicationType UI=""D052061"">Research Support, N.I.H., Extramural</PublicationType>  <PublicationType UI=""D013485"">Research Support, Non-U.S. Gov't</PublicationType>  <PublicationType UI=""D013486"">Research Support, U.S. Gov't, Non-P.H.S.</PublicationType></PublicationTypeList>"
24813251,"<PublicationTypeList>  <PublicationType UI=""D016428"">Journal Article</PublicationType>  <PublicationType UI=""D052061"">Research Support, N.I.H., Extramural</PublicationType>  <PublicationType UI=""D013485"">Research Support, Non-U.S. Gov't</PublicationType>  <PublicationType UI=""D013486"">Research Support, U.S. Gov't, Non-P.H.S.</PublicationType></PublicationTypeList>"
24813252,"<PublicationTypeList>  <PublicationType UI=""D016428"">Journal Article</PublicationType>  <PublicationType UI=""D052061"">Research Support, N.I.H., Extramural</PublicationType>  <PublicationType UI=""D013485"">Research Support, Non-U.S. Gov't</PublicationType>  <PublicationType UI=""D013486"">Research Support, U.S. Gov't, Non-P.H.S.</PublicationType></PublicationTypeList>"
24813856,"<PublicationTypeList>  <PublicationType UI=""D016428"">Journal Article</PublicationType>  <PublicationType UI=""D052061"">Research Support, N.I.H., Extramural</PublicationType>  <PublicationType UI=""D013485"">Research Support, Non-U.S. Gov't</PublicationType>  <PublicationType UI=""D013486"">Research Support, U.S. Gov't, Non-P.H.S.</PublicationType></PublicationTypeList>"
24813857,"<PublicationTypeList>  <PublicationType UI=""D016428"">Journal Article</PublicationType>  <PublicationType UI=""D052061"">Research Support, N.I.H., Extramural</PublicationType>  <PublicationType UI=""D013485"">Research Support, Non-U.S. Gov't</PublicationType>  <PublicationType UI=""D013486"">Research Support, U.S. Gov't, Non-P.H.S.</PublicationType></PublicationTypeList>"
24814514,"<PublicationTypeList>  <PublicationType UI=""D016428"">Journal Article</PublicationType>  <PublicationType UI=""D052061"">Research Support, N.I.H., Extramural</PublicationType>  <PublicationType UI=""D013485"">Research Support, Non-U.S. Gov't</PublicationType>  <PublicationType UI=""D013486"">Research Support, U.S. Gov't, Non-P.H.S.</PublicationType></PublicationTypeList>"
24814515,"<PublicationTypeList>  <PublicationType UI=""D016428"">Journal Article</PublicationType>  <PublicationType UI=""D052061"">Research Support, N.I.H., Extramural</PublicationType>  <PublicationType UI=""D013485"">Research Support, Non-U.S. Gov't</PublicationType>  <PublicationType UI=""D013486"">Research Support, U.S. Gov't, Non-P.H.S.</PublicationType></PublicationTypeList>"
24814534,"<PublicationTypeList>  <PublicationType UI=""D016428"">Journal Article</PublicationType>  <PublicationType UI=""D052061"">Research Support, N.I.H., Extramural</PublicationType>  <PublicationType UI=""D013485"">Research Support, Non-U.S. Gov't</PublicationType>  <PublicationType UI=""D013486"">Research Support, U.S. Gov't, Non-P.H.S.</PublicationType></PublicationTypeList>"
24814535,"<PublicationTypeList>  <PublicationType UI=""D016428"">Journal Article</PublicationType>  <PublicationType UI=""D052061"">Research Support, N.I.H., Extramural</PublicationType>  <PublicationType UI=""D013485"">Research Support, Non-U.S. Gov't</PublicationType>  <PublicationType UI=""D013486"">Research Support, U.S. Gov't, Non-P.H.S.</PublicationType></PublicationTypeList>"
24814672,"<PublicationTypeList>  <PublicationType UI=""D016428"">Journal Article</PublicationType>  <PublicationType UI=""D052061"">Research Support, N.I.H., Extramural</PublicationType>  <PublicationType UI=""D013485"">Research Support, Non-U.S. Gov't</PublicationType>  <PublicationType UI=""D013486"">Research Support, U.S. Gov't, Non-P.H.S.</PublicationType></PublicationTypeList>"
24814673,"<PublicationTypeList>  <PublicationType UI=""D016428"">Journal Article</PublicationType>  <PublicationType UI=""D052061"">Research Support, N.I.H., Extramural</PublicationType>  <PublicationType UI=""D013485"">Research Support, Non-U.S. Gov't</PublicationType>  <PublicationType UI=""D013486"">Research Support, U.S. Gov't, Non-P.H.S.</PublicationType></PublicationTypeList>"
24816140,"<PublicationTypeList>  <PublicationType UI=""D016428"">Journal Article</PublicationType>  <PublicationType UI=""D052061"">Research Support, N.I.H., Extramural</PublicationType>  <PublicationType UI=""D013485"">Research Support, Non-U.S. Gov't</PublicationType>  <PublicationType UI=""D013486"">Research Support, U.S. Gov't, Non-P.H.S.</PublicationType></PublicationTypeList>"
24816141,"<PublicationTypeList>  <PublicationType UI=""D016428"">Journal Article</PublicationType>  <PublicationType UI=""D052061"">Research Support, N.I.H., Extramural</PublicationType>  <PublicationType UI=""D013485"">Research Support, Non-U.S. Gov't</PublicationType>  <PublicationType UI=""D013486"">Research Support, U.S. Gov't, Non-P.H.S.</PublicationType></PublicationTypeList>"
24816252,"<PublicationTypeList>  <PublicationType UI=""D016428"">Journal Article</PublicationType>  <PublicationType UI=""D052061"">Research Support, N.I.H., Extramural</PublicationType>  <PublicationType UI=""D013485"">Research Support, Non-U.S. Gov't</PublicationType>  <PublicationType UI=""D013486"">Research Support, U.S. Gov't, Non-P.H.S.</PublicationType></PublicationTypeList>"
24816253,"<PublicationTypeList>  <PublicationType UI=""D016428"">Journal Article</PublicationType>  <PublicationType UI=""D052061"">Research Support, N.I.H., Extramural</PublicationType>  <PublicationType UI=""D013485"">Research Support, Non-U.S. Gov't</PublicationType>  <PublicationType UI=""D013486"">Research Support, U.S. Gov't, Non-P.H.S.</PublicationType></PublicationTypeList>"
24816254,"<PublicationTypeList>  <PublicationType UI=""D016428"">Journal Article</PublicationType>  <PublicationType UI=""D052061"">Research Support, N.I.H., Extramural</PublicationType>  <PublicationType UI=""D013485"">Research Support, Non-U.S. Gov't</PublicationType>  <PublicationType UI=""D013486"">Research Support, U.S. Gov't, Non-P.H.S.</PublicationType></PublicationTypeList>"
24816255,"<PublicationTypeList>  <PublicationType UI=""D016428"">Journal Article</PublicationType>  <PublicationType UI=""D052061"">Research Support, N.I.H., Extramural</PublicationType>  <PublicationType UI=""D013485"">Research Support, Non-U.S. Gov't</PublicationType>  <PublicationType UI=""D013486"">Research Support, U.S. Gov't, Non-P.H.S.</PublicationType></PublicationTypeList>"
24835569,"<PublicationTypeList>  <PublicationType UI=""D016428"">Journal Article</PublicationType>  <PublicationType UI=""D052061"">Research Support, N.I.H., Extramural</PublicationType>  <PublicationType UI=""D013485"">Research Support, Non-U.S. Gov't</PublicationType>  <PublicationType UI=""D013486"">Research Support, U.S. Gov't, Non-P.H.S.</PublicationType></PublicationTypeList>"
24835570,"<PublicationTypeList>  <PublicationType UI=""D016428"">Journal Article</PublicationType>  <PublicationType UI=""D052061"">Research Support, N.I.H., Extramural</PublicationType>  <PublicationType UI=""D013485"">Research Support, Non-U.S. Gov't</PublicationType>  <PublicationType UI=""D013486"">Research Support, U.S. Gov't, Non-P.H.S.</PublicationType></PublicationTypeList>"
24835571,"<PublicationTypeList>  <PublicationType UI=""D016428"">Journal Article</PublicationType>  <PublicationType UI=""D052061"">Research Support, N.I.H., Extramural</PublicationType>  <PublicationType UI=""D013485"">Research Support, Non-U.S. Gov't</PublicationType>  <PublicationType UI=""D013486"">Research Support, U.S. Gov't, Non-P.H.S.</PublicationType></PublicationTypeList>"
24836076,"<PublicationTypeList>  <PublicationType UI=""D016428"">Journal Article</PublicationType>  <PublicationType UI=""D052061"">Research Support, N.I.H., Extramural</PublicationType>  <PublicationType UI=""D013485"">Research Support, Non-U.S. Gov't</PublicationType>  <PublicationType UI=""D013486"">Research Support, U.S. Gov't, Non-P.H.S.</PublicationType></PublicationTypeList>"
24836077,"<PublicationTypeList>  <PublicationType UI=""D016428"">Journal Article</PublicationType>  <PublicationType UI=""D052061"">Research Support, N.I.H., Extramural</PublicationType>  <PublicationType UI=""D013485"">Research Support, Non-U.S. Gov't</PublicationType>  <PublicationType UI=""D013486"">Research Support, U.S. Gov't, Non-P.H.S.</PublicationType></PublicationTypeList>"
24836286,"<PublicationTypeList>  <PublicationType UI=""D016428"">Journal Article</PublicationType>  <PublicationType UI=""D052061"">Research Support, N.I.H., Extramural</PublicationType>  <PublicationType UI=""D013485"">Research Support, Non-U.S. Gov't</PublicationType>  <PublicationType UI=""D013486"">Research Support, U.S. Gov't, Non-P.H.S.</PublicationType></PublicationTypeList>"
24836287,"<PublicationTypeList>  <PublicationType UI=""D016428"">Journal Article</PublicationType>  <PublicationType UI=""D052061"">Research Support, N.I.H., Extramural</PublicationType>  <PublicationType UI=""D013485"">Research Support, Non-U.S. Gov't</PublicationType>  <PublicationType UI=""D013486"">Research Support, U.S. Gov't, Non-P.H.S.</PublicationType></PublicationTypeList>"
24836505,"<PublicationTypeList>  <PublicationType UI=""D016428"">Journal Article</PublicationType>  <PublicationType UI=""D052061"">Research Support, N.I.H., Extramural</PublicationType>  <PublicationType UI=""D013485"">Research Support, Non-U.S. Gov't</PublicationType>  <PublicationType UI=""D013486"">Research Support, U.S. Gov't, Non-P.H.S.</PublicationType></PublicationTypeList>"
24836506,"<PublicationTypeList>  <PublicationType UI=""D016428"">Journal Article</PublicationType>  <PublicationType UI=""D052061"">Research Support, N.I.H., Extramural</PublicationType>  <PublicationType UI=""D013485"">Research Support, Non-U.S. Gov't</PublicationType>  <PublicationType UI=""D013486"">Research Support, U.S. Gov't, Non-P.H.S.</PublicationType></PublicationTypeList>"
24836575,"<PublicationTypeList>  <PublicationType UI=""D016428"">Journal Article</PublicationType>  <PublicationType UI=""D052061"">Research Support, N.I.H., Extramural</PublicationType>  <PublicationType UI=""D013485"">Research Support, Non-U.S. Gov't</PublicationType>  <PublicationType UI=""D013486"">Research Support, U.S. Gov't, Non-P.H.S.</PublicationType></PublicationTypeList>"
24836576,"<PublicationTypeList>  <PublicationType UI=""D016428"">Journal Article</PublicationType>  <PublicationType UI=""D052061"">Research Support, N.I.H., Extramural</PublicationType>  <PublicationType UI=""D013485"">Research Support, Non-U.S. Gov't</PublicationType>  <PublicationType UI=""D013486"">Research Support, U.S. Gov't, Non-P.H.S.</PublicationType></PublicationTypeList>"
24836577,"<PublicationTypeList>  <PublicationType UI=""D016428"">Journal Article</PublicationType>  <PublicationType UI=""D052061"">Research Support, N.I.H., Extramural</PublicationType>  <PublicationType UI=""D013485"">Research Support, Non-U.S. Gov't</PublicationType>  <PublicationType UI=""D013486"">Research Support, U.S. Gov't, Non-P.H.S.</PublicationType></PublicationTypeList>"
24837660,"<PublicationTypeList>  <PublicationType UI=""D016428"">Journal Article</PublicationType>  <PublicationType UI=""D052061"">Research Support, N.I.H., Extramural</PublicationType>  <PublicationType UI=""D013485"">Research Support, Non-U.S. Gov't</PublicationType>  <PublicationType UI=""D013486"">Research Support, U.S. Gov't, Non-P.H.S.</PublicationType></PublicationTypeList>"
24837661,"<PublicationTypeList>  <PublicationType UI=""D016428"">Journal Article</PublicationType>  <PublicationType UI=""D052061"">Research Support, N.I.H., Extramural</PublicationType>  <PublicationType UI=""D013485"">Research Support, Non-U.S. Gov't</PublicationType>  <PublicationType UI=""D013486"">Research Support, U.S. Gov't, Non-P.H.S.</PublicationType></PublicationTypeList>"
24837662,"<PublicationTypeList>  <PublicationType UI=""D016428"">Journal Article</PublicationType>  <PublicationType UI=""D052061"">Research Support, N.I.H., Extramural</PublicationType>  <PublicationType UI=""D013485"">Research Support, Non-U.S. Gov't</PublicationType>  <PublicationType UI=""D013486"">Research Support, U.S. Gov't, Non-P.H.S.</PublicationType></PublicationTypeList>"
24837663,"<PublicationTypeList>  <PublicationType UI=""D016428"">Journal Article</PublicationType>  <PublicationType UI=""D052061"">Research Support, N.I.H., Extramural</PublicationType>  <PublicationType UI=""D013485"">Research Support, Non-U.S. Gov't</PublicationType>  <PublicationType UI=""D013486"">Research Support, U.S. Gov't, Non-P.H.S.</PublicationType></PublicationTypeList>"
24837829,"<PublicationTypeList>  <PublicationType UI=""D016428"">Journal Article</PublicationType>  <PublicationType UI=""D052061"">Research Support, N.I.H., Extramural</PublicationType>  <PublicationType UI=""D013485"">Research Support, Non-U.S. Gov't</PublicationType>  <PublicationType UI=""D013486"">Research Support, U.S. Gov't, Non-P.H.S.</PublicationType></PublicationTypeList>"
24838010,"<PublicationTypeList>  <PublicationType UI=""D016428"">Journal Article</PublicationType>  <PublicationType UI=""D052061"">Research Support, N.I.H., Extramural</PublicationType>  <PublicationType UI=""D013485"">Research Support, Non-U.S. Gov't</PublicationType>  <PublicationType UI=""D013486"">Research Support, U.S. Gov't, Non-P.H.S.</PublicationType></PublicationTypeList>"
24838012,"<PublicationTypeList>  <PublicationType UI=""D016428"">Journal Article</PublicationType>  <PublicationType UI=""D052061"">Research Support, N.I.H., Extramural</PublicationType>  <PublicationType UI=""D013485"">Research Support, Non-U.S. Gov't</PublicationType>  <PublicationType UI=""D013486"">Research Support, U.S. Gov't, Non-P.H.S.</PublicationType></PublicationTypeList>"
24838168,"<PublicationTypeList>  <PublicationType UI=""D016428"">Journal Article</PublicationType>  <PublicationType UI=""D052061"">Research Support, N.I.H., Extramural</PublicationType>  <PublicationType UI=""D013485"">Research Support, Non-U.S. Gov't</PublicationType>  <PublicationType UI=""D013486"">Research Support, U.S. Gov't, Non-P.H.S.</PublicationType></PublicationTypeList>"
24838169,"<PublicationTypeList>  <PublicationType UI=""D016428"">Journal Article</PublicationType>  <PublicationType UI=""D052061"">Research Support, N.I.H., Extramural</PublicationType>  <PublicationType UI=""D013485"">Research Support, Non-U.S. Gov't</PublicationType>  <PublicationType UI=""D013486"">Research Support, U.S. Gov't, Non-P.H.S.</PublicationType></PublicationTypeList>"
24838170,"<PublicationTypeList>  <PublicationType UI=""D016428"">Journal Article</PublicationType>  <PublicationType UI=""D052061"">Research Support, N.I.H., Extramural</PublicationType>  <PublicationType UI=""D013485"">Research Support, Non-U.S. Gov't</PublicationType>  <PublicationType UI=""D013486"">Research Support, U.S. Gov't, Non-P.H.S.</PublicationType></PublicationTypeList>"
24845231,"<PublicationTypeList>  <PublicationType UI=""D016428"">Journal Article</PublicationType>  <PublicationType UI=""D052061"">Research Support, N.I.H., Extramural</PublicationType>  <PublicationType UI=""D013485"">Research Support, Non-U.S. Gov't</PublicationType>  <PublicationType UI=""D013486"">Research Support, U.S. Gov't, Non-P.H.S.</PublicationType></PublicationTypeList>"
24853930,"<PublicationTypeList>  <PublicationType UI=""D016428"">Journal Article</PublicationType>  <PublicationType UI=""D052061"">Research Support, N.I.H., Extramural</PublicationType>  <PublicationType UI=""D013485"">Research Support, Non-U.S. Gov't</PublicationType>  <PublicationType UI=""D013486"">Research Support, U.S. Gov't, Non-P.H.S.</PublicationType></PublicationTypeList>"
24853931,"<PublicationTypeList>  <PublicationType UI=""D016428"">Journal Article</PublicationType>  <PublicationType UI=""D052061"">Research Support, N.I.H., Extramural</PublicationType>  <PublicationType UI=""D013485"">Research Support, Non-U.S. Gov't</PublicationType>  <PublicationType UI=""D013486"">Research Support, U.S. Gov't, Non-P.H.S.</PublicationType></PublicationTypeList>"
24853932,"<PublicationTypeList>  <PublicationType UI=""D016428"">Journal Article</PublicationType>  <PublicationType UI=""D052061"">Research Support, N.I.H., Extramural</PublicationType>  <PublicationType UI=""D013485"">Research Support, Non-U.S. Gov't</PublicationType>  <PublicationType UI=""D013486"">Research Support, U.S. Gov't, Non-P.H.S.</PublicationType></PublicationTypeList>"
24853933,"<PublicationTypeList>  <PublicationType UI=""D016428"">Journal Article</PublicationType>  <PublicationType UI=""D052061"">Research Support, N.I.H., Extramural</PublicationType>  <PublicationType UI=""D013485"">Research Support, Non-U.S. Gov't</PublicationType>  <PublicationType UI=""D013486"">Research Support, U.S. Gov't, Non-P.H.S.</PublicationType></PublicationTypeList>"
24853934,"<PublicationTypeList>  <PublicationType UI=""D016428"">Journal Article</PublicationType>  <PublicationType UI=""D052061"">Research Support, N.I.H., Extramural</PublicationType>  <PublicationType UI=""D013485"">Research Support, Non-U.S. Gov't</PublicationType>  <PublicationType UI=""D013486"">Research Support, U.S. Gov't, Non-P.H.S.</PublicationType></PublicationTypeList>"
24853935,"<PublicationTypeList>  <PublicationType UI=""D016428"">Journal Article</PublicationType>  <PublicationType UI=""D052061"">Research Support, N.I.H., Extramural</PublicationType>  <PublicationType UI=""D013485"">Research Support, Non-U.S. Gov't</PublicationType>  <PublicationType UI=""D013486"">Research Support, U.S. Gov't, Non-P.H.S.</PublicationType></PublicationTypeList>"
24853936,"<PublicationTypeList>  <PublicationType UI=""D016428"">Journal Article</PublicationType>  <PublicationType UI=""D052061"">Research Support, N.I.H., Extramural</PublicationType>  <PublicationType UI=""D013485"">Research Support, Non-U.S. Gov't</PublicationType>  <PublicationType UI=""D013486"">Research Support, U.S. Gov't, Non-P.H.S.</PublicationType></PublicationTypeList>"
24853937,"<PublicationTypeList>  <PublicationType UI=""D016428"">Journal Article</PublicationType>  <PublicationType UI=""D052061"">Research Support, N.I.H., Extramural</PublicationType>  <PublicationType UI=""D013485"">Research Support, Non-U.S. Gov't</PublicationType>  <PublicationType UI=""D013486"">Research Support, U.S. Gov't, Non-P.H.S.</PublicationType></PublicationTypeList>"
24853938,"<PublicationTypeList>  <PublicationType UI=""D016428"">Journal Article</PublicationType>  <PublicationType UI=""D052061"">Research Support, N.I.H., Extramural</PublicationType>  <PublicationType UI=""D013485"">Research Support, Non-U.S. Gov't</PublicationType>  <PublicationType UI=""D013486"">Research Support, U.S. Gov't, Non-P.H.S.</PublicationType></PublicationTypeList>"
24853939,"<PublicationTypeList>  <PublicationType UI=""D016428"">Journal Article</PublicationType>  <PublicationType UI=""D052061"">Research Support, N.I.H., Extramural</PublicationType>  <PublicationType UI=""D013485"">Research Support, Non-U.S. Gov't</PublicationType>  <PublicationType UI=""D013486"">Research Support, U.S. Gov't, Non-P.H.S.</PublicationType></PublicationTypeList>"
24853940,"<PublicationTypeList>  <PublicationType UI=""D016428"">Journal Article</PublicationType>  <PublicationType UI=""D052061"">Research Support, N.I.H., Extramural</PublicationType>  <PublicationType UI=""D013485"">Research Support, Non-U.S. Gov't</PublicationType>  <PublicationType UI=""D013486"">Research Support, U.S. Gov't, Non-P.H.S.</PublicationType></PublicationTypeList>"
24853941,"<PublicationTypeList>  <PublicationType UI=""D016428"">Journal Article</PublicationType>  <PublicationType UI=""D052061"">Research Support, N.I.H., Extramural</PublicationType>  <PublicationType UI=""D013485"">Research Support, Non-U.S. Gov't</PublicationType>  <PublicationType UI=""D013486"">Research Support, U.S. Gov't, Non-P.H.S.</PublicationType></PublicationTypeList>"
24853942,"<PublicationTypeList>  <PublicationType UI=""D016428"">Journal Article</PublicationType>  <PublicationType UI=""D052061"">Research Support, N.I.H., Extramural</PublicationType>  <PublicationType UI=""D013485"">Research Support, Non-U.S. Gov't</PublicationType>  <PublicationType UI=""D013486"">Research Support, U.S. Gov't, Non-P.H.S.</PublicationType></PublicationTypeList>"
24853943,"<PublicationTypeList>  <PublicationType UI=""D016428"">Journal Article</PublicationType>  <PublicationType UI=""D052061"">Research Support, N.I.H., Extramural</PublicationType>  <PublicationType UI=""D013485"">Research Support, Non-U.S. Gov't</PublicationType>  <PublicationType UI=""D013486"">Research Support, U.S. Gov't, Non-P.H.S.</PublicationType></PublicationTypeList>"
24853944,"<PublicationTypeList>  <PublicationType UI=""D016428"">Journal Article</PublicationType>  <PublicationType UI=""D052061"">Research Support, N.I.H., Extramural</PublicationType>  <PublicationType UI=""D013485"">Research Support, Non-U.S. Gov't</PublicationType>  <PublicationType UI=""D013486"">Research Support, U.S. Gov't, Non-P.H.S.</PublicationType></PublicationTypeList>"
24853945,"<PublicationTypeList>  <PublicationType UI=""D016428"">Journal Article</PublicationType>  <PublicationType UI=""D052061"">Research Support, N.I.H., Extramural</PublicationType>  <PublicationType UI=""D013485"">Research Support, Non-U.S. Gov't</PublicationType>  <PublicationType UI=""D013486"">Research Support, U.S. Gov't, Non-P.H.S.</PublicationType></PublicationTypeList>"
24853946,"<PublicationTypeList>  <PublicationType UI=""D016428"">Journal Article</PublicationType>  <PublicationType UI=""D052061"">Research Support, N.I.H., Extramural</PublicationType>  <PublicationType UI=""D013485"">Research Support, Non-U.S. Gov't</PublicationType>  <PublicationType UI=""D013486"">Research Support, U.S. Gov't, Non-P.H.S.</PublicationType></PublicationTypeList>"
24857020,"<PublicationTypeList>  <PublicationType UI=""D016428"">Journal Article</PublicationType>  <PublicationType UI=""D052061"">Research Support, N.I.H., Extramural</PublicationType>  <PublicationType UI=""D013485"">Research Support, Non-U.S. Gov't</PublicationType>  <PublicationType UI=""D013486"">Research Support, U.S. Gov't, Non-P.H.S.</PublicationType></PublicationTypeList>"
24857021,"<PublicationTypeList>  <PublicationType UI=""D016428"">Journal Article</PublicationType>  <PublicationType UI=""D052061"">Research Support, N.I.H., Extramural</PublicationType>  <PublicationType UI=""D013485"">Research Support, Non-U.S. Gov't</PublicationType>  <PublicationType UI=""D013486"">Research Support, U.S. Gov't, Non-P.H.S.</PublicationType></PublicationTypeList>"
24859002,"<PublicationTypeList>  <PublicationType UI=""D016428"">Journal Article</PublicationType>  <PublicationType UI=""D052061"">Research Support, N.I.H., Extramural</PublicationType>  <PublicationType UI=""D013485"">Research Support, Non-U.S. Gov't</PublicationType>  <PublicationType UI=""D013486"">Research Support, U.S. Gov't, Non-P.H.S.</PublicationType></PublicationTypeList>"
24859003,"<PublicationTypeList>  <PublicationType UI=""D016428"">Journal Article</PublicationType>  <PublicationType UI=""D052061"">Research Support, N.I.H., Extramural</PublicationType>  <PublicationType UI=""D013485"">Research Support, Non-U.S. Gov't</PublicationType>  <PublicationType UI=""D013486"">Research Support, U.S. Gov't, Non-P.H.S.</PublicationType></PublicationTypeList>"
24859004,"<PublicationTypeList>  <PublicationType UI=""D016428"">Journal Article</PublicationType>  <PublicationType UI=""D052061"">Research Support, N.I.H., Extramural</PublicationType>  <PublicationType UI=""D013485"">Research Support, Non-U.S. Gov't</PublicationType>  <PublicationType UI=""D013486"">Research Support, U.S. Gov't, Non-P.H.S.</PublicationType></PublicationTypeList>"
24859005,"<PublicationTypeList>  <PublicationType UI=""D016428"">Journal Article</PublicationType>  <PublicationType UI=""D052061"">Research Support, N.I.H., Extramural</PublicationType>  <PublicationType UI=""D013485"">Research Support, Non-U.S. Gov't</PublicationType>  <PublicationType UI=""D013486"">Research Support, U.S. Gov't, Non-P.H.S.</PublicationType></PublicationTypeList>"
24859006,"<PublicationTypeList>  <PublicationType UI=""D016428"">Journal Article</PublicationType>  <PublicationType UI=""D052061"">Research Support, N.I.H., Extramural</PublicationType>  <PublicationType UI=""D013485"">Research Support, Non-U.S. Gov't</PublicationType>  <PublicationType UI=""D013486"">Research Support, U.S. Gov't, Non-P.H.S.</PublicationType></PublicationTypeList>"
24859116,"<PublicationTypeList>  <PublicationType UI=""D016428"">Journal Article</PublicationType>  <PublicationType UI=""D052061"">Research Support, N.I.H., Extramural</PublicationType>  <PublicationType UI=""D013485"">Research Support, Non-U.S. Gov't</PublicationType>  <PublicationType UI=""D013486"">Research Support, U.S. Gov't, Non-P.H.S.</PublicationType></PublicationTypeList>"
24859199,"<PublicationTypeList>  <PublicationType UI=""D016428"">Journal Article</PublicationType>  <PublicationType UI=""D052061"">Research Support, N.I.H., Extramural</PublicationType>  <PublicationType UI=""D013485"">Research Support, Non-U.S. Gov't</PublicationType>  <PublicationType UI=""D013486"">Research Support, U.S. Gov't, Non-P.H.S.</PublicationType></PublicationTypeList>"
24859200,"<PublicationTypeList>  <PublicationType UI=""D016428"">Journal Article</PublicationType>  <PublicationType UI=""D052061"">Research Support, N.I.H., Extramural</PublicationType>  <PublicationType UI=""D013485"">Research Support, Non-U.S. Gov't</PublicationType>  <PublicationType UI=""D013486"">Research Support, U.S. Gov't, Non-P.H.S.</PublicationType></PublicationTypeList>"
24859201,"<PublicationTypeList>  <PublicationType UI=""D016428"">Journal Article</PublicationType>  <PublicationType UI=""D052061"">Research Support, N.I.H., Extramural</PublicationType>  <PublicationType UI=""D013485"">Research Support, Non-U.S. Gov't</PublicationType>  <PublicationType UI=""D013486"">Research Support, U.S. Gov't, Non-P.H.S.</PublicationType></PublicationTypeList>"
24859202,"<PublicationTypeList>  <PublicationType UI=""D016428"">Journal Article</PublicationType>  <PublicationType UI=""D052061"">Research Support, N.I.H., Extramural</PublicationType>  <PublicationType UI=""D013485"">Research Support, Non-U.S. Gov't</PublicationType>  <PublicationType UI=""D013486"">Research Support, U.S. Gov't, Non-P.H.S.</PublicationType></PublicationTypeList>"
24859337,"<PublicationTypeList>  <PublicationType UI=""D016428"">Journal Article</PublicationType>  <PublicationType UI=""D052061"">Research Support, N.I.H., Extramural</PublicationType>  <PublicationType UI=""D013485"">Research Support, Non-U.S. Gov't</PublicationType>  <PublicationType UI=""D013486"">Research Support, U.S. Gov't, Non-P.H.S.</PublicationType></PublicationTypeList>"
24859338,"<PublicationTypeList>  <PublicationType UI=""D016428"">Journal Article</PublicationType>  <PublicationType UI=""D052061"">Research Support, N.I.H., Extramural</PublicationType>  <PublicationType UI=""D013485"">Research Support, Non-U.S. Gov't</PublicationType>  <PublicationType UI=""D013486"">Research Support, U.S. Gov't, Non-P.H.S.</PublicationType></PublicationTypeList>"
24859339,"<PublicationTypeList>  <PublicationType UI=""D016428"">Journal Article</PublicationType>  <PublicationType UI=""D052061"">Research Support, N.I.H., Extramural</PublicationType>  <PublicationType UI=""D013485"">Research Support, Non-U.S. Gov't</PublicationType>  <PublicationType UI=""D013486"">Research Support, U.S. Gov't, Non-P.H.S.</PublicationType></PublicationTypeList>"
24859340,"<PublicationTypeList>  <PublicationType UI=""D016428"">Journal Article</PublicationType>  <PublicationType UI=""D052061"">Research Support, N.I.H., Extramural</PublicationType>  <PublicationType UI=""D013485"">Research Support, Non-U.S. Gov't</PublicationType>  <PublicationType UI=""D013486"">Research Support, U.S. Gov't, Non-P.H.S.</PublicationType></PublicationTypeList>"
24859528,"<PublicationTypeList>  <PublicationType UI=""D016428"">Journal Article</PublicationType>  <PublicationType UI=""D052061"">Research Support, N.I.H., Extramural</PublicationType>  <PublicationType UI=""D013485"">Research Support, Non-U.S. Gov't</PublicationType>  <PublicationType UI=""D013486"">Research Support, U.S. Gov't, Non-P.H.S.</PublicationType></PublicationTypeList>"
24859529,"<PublicationTypeList>  <PublicationType UI=""D016428"">Journal Article</PublicationType>  <PublicationType UI=""D052061"">Research Support, N.I.H., Extramural</PublicationType>  <PublicationType UI=""D013485"">Research Support, Non-U.S. Gov't</PublicationType>  <PublicationType UI=""D013486"">Research Support, U.S. Gov't, Non-P.H.S.</PublicationType></PublicationTypeList>"
24859530,"<PublicationTypeList>  <PublicationType UI=""D016428"">Journal Article</PublicationType>  <PublicationType UI=""D052061"">Research Support, N.I.H., Extramural</PublicationType>  <PublicationType UI=""D013485"">Research Support, Non-U.S. Gov't</PublicationType>  <PublicationType UI=""D013486"">Research Support, U.S. Gov't, Non-P.H.S.</PublicationType></PublicationTypeList>"
24859531,"<PublicationTypeList>  <PublicationType UI=""D016428"">Journal Article</PublicationType>  <PublicationType UI=""D052061"">Research Support, N.I.H., Extramural</PublicationType>  <PublicationType UI=""D013485"">Research Support, Non-U.S. Gov't</PublicationType>  <PublicationType UI=""D013486"">Research Support, U.S. Gov't, Non-P.H.S.</PublicationType></PublicationTypeList>"
24866035,"<PublicationTypeList>  <PublicationType UI=""D016428"">Journal Article</PublicationType>  <PublicationType UI=""D052061"">Research Support, N.I.H., Extramural</PublicationType>  <PublicationType UI=""D013485"">Research Support, Non-U.S. Gov't</PublicationType>  <PublicationType UI=""D013486"">Research Support, U.S. Gov't, Non-P.H.S.</PublicationType></PublicationTypeList>"
24866036,"<PublicationTypeList>  <PublicationType UI=""D016428"">Journal Article</PublicationType>  <PublicationType UI=""D052061"">Research Support, N.I.H., Extramural</PublicationType>  <PublicationType UI=""D013485"">Research Support, Non-U.S. Gov't</PublicationType>  <PublicationType UI=""D013486"">Research Support, U.S. Gov't, Non-P.H.S.</PublicationType></PublicationTypeList>"
24866037,"<PublicationTypeList>  <PublicationType UI=""D016428"">Journal Article</PublicationType>  <PublicationType UI=""D052061"">Research Support, N.I.H., Extramural</PublicationType>  <PublicationType UI=""D013485"">Research Support, Non-U.S. Gov't</PublicationType>  <PublicationType UI=""D013486"">Research Support, U.S. Gov't, Non-P.H.S.</PublicationType></PublicationTypeList>"
24866038,"<PublicationTypeList>  <PublicationType UI=""D016428"">Journal Article</PublicationType>  <PublicationType UI=""D052061"">Research Support, N.I.H., Extramural</PublicationType>  <PublicationType UI=""D013485"">Research Support, Non-U.S. Gov't</PublicationType>  <PublicationType UI=""D013486"">Research Support, U.S. Gov't, Non-P.H.S.</PublicationType></PublicationTypeList>"
24866039,"<PublicationTypeList>  <PublicationType UI=""D016428"">Journal Article</PublicationType>  <PublicationType UI=""D052061"">Research Support, N.I.H., Extramural</PublicationType>  <PublicationType UI=""D013485"">Research Support, Non-U.S. Gov't</PublicationType>  <PublicationType UI=""D013486"">Research Support, U.S. Gov't, Non-P.H.S.</PublicationType></PublicationTypeList>"
24866040,"<PublicationTypeList>  <PublicationType UI=""D016428"">Journal Article</PublicationType>  <PublicationType UI=""D052061"">Research Support, N.I.H., Extramural</PublicationType>  <PublicationType UI=""D013485"">Research Support, Non-U.S. Gov't</PublicationType>  <PublicationType UI=""D013486"">Research Support, U.S. Gov't, Non-P.H.S.</PublicationType></PublicationTypeList>"
24866041,"<PublicationTypeList>  <PublicationType UI=""D016428"">Journal Article</PublicationType>  <PublicationType UI=""D052061"">Research Support, N.I.H., Extramural</PublicationType>  <PublicationType UI=""D013485"">Research Support, Non-U.S. Gov't</PublicationType>  <PublicationType UI=""D013486"">Research Support, U.S. Gov't, Non-P.H.S.</PublicationType></PublicationTypeList>"
24866042,"<PublicationTypeList>  <PublicationType UI=""D016428"">Journal Article</PublicationType>  <PublicationType UI=""D052061"">Research Support, N.I.H., Extramural</PublicationType>  <PublicationType UI=""D013485"">Research Support, Non-U.S. Gov't</PublicationType>  <PublicationType UI=""D013486"">Research Support, U.S. Gov't, Non-P.H.S.</PublicationType></PublicationTypeList>"
24866043,"<PublicationTypeList>  <PublicationType UI=""D016428"">Journal Article</PublicationType>  <PublicationType UI=""D052061"">Research Support, N.I.H., Extramural</PublicationType>  <PublicationType UI=""D013485"">Research Support, Non-U.S. Gov't</PublicationType>  <PublicationType UI=""D013486"">Research Support, U.S. Gov't, Non-P.H.S.</PublicationType></PublicationTypeList>"
24866044,"<PublicationTypeList>  <PublicationType UI=""D016428"">Journal Article</PublicationType>  <PublicationType UI=""D052061"">Research Support, N.I.H., Extramural</PublicationType>  <PublicationType UI=""D013485"">Research Support, Non-U.S. Gov't</PublicationType>  <PublicationType UI=""D013486"">Research Support, U.S. Gov't, Non-P.H.S.</PublicationType></PublicationTypeList>"
24866045,"<PublicationTypeList>  <PublicationType UI=""D016428"">Journal Article</PublicationType>  <PublicationType UI=""D052061"">Research Support, N.I.H., Extramural</PublicationType>  <PublicationType UI=""D013485"">Research Support, Non-U.S. Gov't</PublicationType>  <PublicationType UI=""D013486"">Research Support, U.S. Gov't, Non-P.H.S.</PublicationType></PublicationTypeList>"
24866185,"<PublicationTypeList>  <PublicationType UI=""D016428"">Journal Article</PublicationType>  <PublicationType UI=""D052061"">Research Support, N.I.H., Extramural</PublicationType>  <PublicationType UI=""D013485"">Research Support, Non-U.S. Gov't</PublicationType>  <PublicationType UI=""D013486"">Research Support, U.S. Gov't, Non-P.H.S.</PublicationType></PublicationTypeList>"
24866187,"<PublicationTypeList>  <PublicationType UI=""D016428"">Journal Article</PublicationType>  <PublicationType UI=""D052061"">Research Support, N.I.H., Extramural</PublicationType>  <PublicationType UI=""D013485"">Research Support, Non-U.S. Gov't</PublicationType>  <PublicationType UI=""D013486"">Research Support, U.S. Gov't, Non-P.H.S.</PublicationType></PublicationTypeList>"
24866188,"<PublicationTypeList>  <PublicationType UI=""D016428"">Journal Article</PublicationType>  <PublicationType UI=""D052061"">Research Support, N.I.H., Extramural</PublicationType>  <PublicationType UI=""D013485"">Research Support, Non-U.S. Gov't</PublicationType>  <PublicationType UI=""D013486"">Research Support, U.S. Gov't, Non-P.H.S.</PublicationType></PublicationTypeList>"
24866189,"<PublicationTypeList>  <PublicationType UI=""D016428"">Journal Article</PublicationType>  <PublicationType UI=""D052061"">Research Support, N.I.H., Extramural</PublicationType>  <PublicationType UI=""D013485"">Research Support, Non-U.S. Gov't</PublicationType>  <PublicationType UI=""D013486"">Research Support, U.S. Gov't, Non-P.H.S.</PublicationType></PublicationTypeList>"
24875734,"<PublicationTypeList>  <PublicationType UI=""D016428"">Journal Article</PublicationType>  <PublicationType UI=""D052061"">Research Support, N.I.H., Extramural</PublicationType>  <PublicationType UI=""D013485"">Research Support, Non-U.S. Gov't</PublicationType>  <PublicationType UI=""D013486"">Research Support, U.S. Gov't, Non-P.H.S.</PublicationType></PublicationTypeList>"
24875735,"<PublicationTypeList>  <PublicationType UI=""D016428"">Journal Article</PublicationType>  <PublicationType UI=""D052061"">Research Support, N.I.H., Extramural</PublicationType>  <PublicationType UI=""D013485"">Research Support, Non-U.S. Gov't</PublicationType>  <PublicationType UI=""D013486"">Research Support, U.S. Gov't, Non-P.H.S.</PublicationType></PublicationTypeList>"
24875736,"<PublicationTypeList>  <PublicationType UI=""D016428"">Journal Article</PublicationType>  <PublicationType UI=""D052061"">Research Support, N.I.H., Extramural</PublicationType>  <PublicationType UI=""D013485"">Research Support, Non-U.S. Gov't</PublicationType>  <PublicationType UI=""D013486"">Research Support, U.S. Gov't, Non-P.H.S.</PublicationType></PublicationTypeList>"
24875737,"<PublicationTypeList>  <PublicationType UI=""D016428"">Journal Article</PublicationType>  <PublicationType UI=""D052061"">Research Support, N.I.H., Extramural</PublicationType>  <PublicationType UI=""D013485"">Research Support, Non-U.S. Gov't</PublicationType>  <PublicationType UI=""D013486"">Research Support, U.S. Gov't, Non-P.H.S.</PublicationType></PublicationTypeList>"
24875738,"<PublicationTypeList>  <PublicationType UI=""D016428"">Journal Article</PublicationType>  <PublicationType UI=""D052061"">Research Support, N.I.H., Extramural</PublicationType>  <PublicationType UI=""D013485"">Research Support, Non-U.S. Gov't</PublicationType>  <PublicationType UI=""D013486"">Research Support, U.S. Gov't, Non-P.H.S.</PublicationType></PublicationTypeList>"
24875739,"<PublicationTypeList>  <PublicationType UI=""D016428"">Journal Article</PublicationType>  <PublicationType UI=""D052061"">Research Support, N.I.H., Extramural</PublicationType>  <PublicationType UI=""D013485"">Research Support, Non-U.S. Gov't</PublicationType>  <PublicationType UI=""D013486"">Research Support, U.S. Gov't, Non-P.H.S.</PublicationType></PublicationTypeList>"
24875740,"<PublicationTypeList>  <PublicationType UI=""D016428"">Journal Article</PublicationType>  <PublicationType UI=""D052061"">Research Support, N.I.H., Extramural</PublicationType>  <PublicationType UI=""D013485"">Research Support, Non-U.S. Gov't</PublicationType>  <PublicationType UI=""D013486"">Research Support, U.S. Gov't, Non-P.H.S.</PublicationType></PublicationTypeList>"
24880213,"<PublicationTypeList>  <PublicationType UI=""D016428"">Journal Article</PublicationType>  <PublicationType UI=""D052061"">Research Support, N.I.H., Extramural</PublicationType>  <PublicationType UI=""D013485"">Research Support, Non-U.S. Gov't</PublicationType>  <PublicationType UI=""D013486"">Research Support, U.S. Gov't, Non-P.H.S.</PublicationType></PublicationTypeList>"
24880214,"<PublicationTypeList>  <PublicationType UI=""D016428"">Journal Article</PublicationType>  <PublicationType UI=""D052061"">Research Support, N.I.H., Extramural</PublicationType>  <PublicationType UI=""D013485"">Research Support, Non-U.S. Gov't</PublicationType>  <PublicationType UI=""D013486"">Research Support, U.S. Gov't, Non-P.H.S.</PublicationType></PublicationTypeList>"
24880215,"<PublicationTypeList>  <PublicationType UI=""D016428"">Journal Article</PublicationType>  <PublicationType UI=""D052061"">Research Support, N.I.H., Extramural</PublicationType>  <PublicationType UI=""D013485"">Research Support, Non-U.S. Gov't</PublicationType>  <PublicationType UI=""D013486"">Research Support, U.S. Gov't, Non-P.H.S.</PublicationType></PublicationTypeList>"
24880216,"<PublicationTypeList>  <PublicationType UI=""D016428"">Journal Article</PublicationType>  <PublicationType UI=""D052061"">Research Support, N.I.H., Extramural</PublicationType>  <PublicationType UI=""D013485"">Research Support, Non-U.S. Gov't</PublicationType>  <PublicationType UI=""D013486"">Research Support, U.S. Gov't, Non-P.H.S.</PublicationType></PublicationTypeList>"
24880217,"<PublicationTypeList>  <PublicationType UI=""D016428"">Journal Article</PublicationType>  <PublicationType UI=""D052061"">Research Support, N.I.H., Extramural</PublicationType>  <PublicationType UI=""D013485"">Research Support, Non-U.S. Gov't</PublicationType>  <PublicationType UI=""D013486"">Research Support, U.S. Gov't, Non-P.H.S.</PublicationType></PublicationTypeList>"
24880339,"<PublicationTypeList>  <PublicationType UI=""D016428"">Journal Article</PublicationType>  <PublicationType UI=""D052061"">Research Support, N.I.H., Extramural</PublicationType>  <PublicationType UI=""D013485"">Research Support, Non-U.S. Gov't</PublicationType>  <PublicationType UI=""D013486"">Research Support, U.S. Gov't, Non-P.H.S.</PublicationType></PublicationTypeList>"
24880340,"<PublicationTypeList>  <PublicationType UI=""D016428"">Journal Article</PublicationType>  <PublicationType UI=""D052061"">Research Support, N.I.H., Extramural</PublicationType>  <PublicationType UI=""D013485"">Research Support, Non-U.S. Gov't</PublicationType>  <PublicationType UI=""D013486"">Research Support, U.S. Gov't, Non-P.H.S.</PublicationType></PublicationTypeList>"
24880341,"<PublicationTypeList>  <PublicationType UI=""D016428"">Journal Article</PublicationType>  <PublicationType UI=""D052061"">Research Support, N.I.H., Extramural</PublicationType>  <PublicationType UI=""D013485"">Research Support, Non-U.S. Gov't</PublicationType>  <PublicationType UI=""D013486"">Research Support, U.S. Gov't, Non-P.H.S.</PublicationType></PublicationTypeList>"
24880342,"<PublicationTypeList>  <PublicationType UI=""D016428"">Journal Article</PublicationType>  <PublicationType UI=""D052061"">Research Support, N.I.H., Extramural</PublicationType>  <PublicationType UI=""D013485"">Research Support, Non-U.S. Gov't</PublicationType>  <PublicationType UI=""D013486"">Research Support, U.S. Gov't, Non-P.H.S.</PublicationType></PublicationTypeList>"
24880487,"<PublicationTypeList>  <PublicationType UI=""D016428"">Journal Article</PublicationType>  <PublicationType UI=""D052061"">Research Support, N.I.H., Extramural</PublicationType>  <PublicationType UI=""D013485"">Research Support, Non-U.S. Gov't</PublicationType>  <PublicationType UI=""D013486"">Research Support, U.S. Gov't, Non-P.H.S.</PublicationType></PublicationTypeList>"
24880488,"<PublicationTypeList>  <PublicationType UI=""D016428"">Journal Article</PublicationType>  <PublicationType UI=""D052061"">Research Support, N.I.H., Extramural</PublicationType>  <PublicationType UI=""D013485"">Research Support, Non-U.S. Gov't</PublicationType>  <PublicationType UI=""D013486"">Research Support, U.S. Gov't, Non-P.H.S.</PublicationType></PublicationTypeList>"
24880614,"<PublicationTypeList>  <PublicationType UI=""D016428"">Journal Article</PublicationType>  <PublicationType UI=""D052061"">Research Support, N.I.H., Extramural</PublicationType>  <PublicationType UI=""D013485"">Research Support, Non-U.S. Gov't</PublicationType>  <PublicationType UI=""D013486"">Research Support, U.S. Gov't, Non-P.H.S.</PublicationType></PublicationTypeList>"
24880615,"<PublicationTypeList>  <PublicationType UI=""D016428"">Journal Article</PublicationType>  <PublicationType UI=""D052061"">Research Support, N.I.H., Extramural</PublicationType>  <PublicationType UI=""D013485"">Research Support, Non-U.S. Gov't</PublicationType>  <PublicationType UI=""D013486"">Research Support, U.S. Gov't, Non-P.H.S.</PublicationType></PublicationTypeList>"
24880616,"<PublicationTypeList>  <PublicationType UI=""D016428"">Journal Article</PublicationType>  <PublicationType UI=""D052061"">Research Support, N.I.H., Extramural</PublicationType>  <PublicationType UI=""D013485"">Research Support, Non-U.S. Gov't</PublicationType>  <PublicationType UI=""D013486"">Research Support, U.S. Gov't, Non-P.H.S.</PublicationType></PublicationTypeList>"
24880617,"<PublicationTypeList>  <PublicationType UI=""D016428"">Journal Article</PublicationType>  <PublicationType UI=""D052061"">Research Support, N.I.H., Extramural</PublicationType>  <PublicationType UI=""D013485"">Research Support, Non-U.S. Gov't</PublicationType>  <PublicationType UI=""D013486"">Research Support, U.S. Gov't, Non-P.H.S.</PublicationType></PublicationTypeList>"
24880666,"<PublicationTypeList>  <PublicationType UI=""D016428"">Journal Article</PublicationType>  <PublicationType UI=""D052061"">Research Support, N.I.H., Extramural</PublicationType>  <PublicationType UI=""D013485"">Research Support, Non-U.S. Gov't</PublicationType>  <PublicationType UI=""D013486"">Research Support, U.S. Gov't, Non-P.H.S.</PublicationType></PublicationTypeList>"
24880667,"<PublicationTypeList>  <PublicationType UI=""D016428"">Journal Article</PublicationType>  <PublicationType UI=""D052061"">Research Support, N.I.H., Extramural</PublicationType>  <PublicationType UI=""D013485"">Research Support, Non-U.S. Gov't</PublicationType>  <PublicationType UI=""D013486"">Research Support, U.S. Gov't, Non-P.H.S.</PublicationType></PublicationTypeList>"
24880859,"<PublicationTypeList>  <PublicationType UI=""D016428"">Journal Article</PublicationType>  <PublicationType UI=""D052061"">Research Support, N.I.H., Extramural</PublicationType>  <PublicationType UI=""D013485"">Research Support, Non-U.S. Gov't</PublicationType>  <PublicationType UI=""D013486"">Research Support, U.S. Gov't, Non-P.H.S.</PublicationType></PublicationTypeList>"
24880860,"<PublicationTypeList>  <PublicationType UI=""D016428"">Journal Article</PublicationType>  <PublicationType UI=""D052061"">Research Support, N.I.H., Extramural</PublicationType>  <PublicationType UI=""D013485"">Research Support, Non-U.S. Gov't</PublicationType>  <PublicationType UI=""D013486"">Research Support, U.S. Gov't, Non-P.H.S.</PublicationType></PublicationTypeList>"
24881834,"<PublicationTypeList>  <PublicationType UI=""D016428"">Journal Article</PublicationType>  <PublicationType UI=""D052061"">Research Support, N.I.H., Extramural</PublicationType>  <PublicationType UI=""D013485"">Research Support, Non-U.S. Gov't</PublicationType>  <PublicationType UI=""D013486"">Research Support, U.S. Gov't, Non-P.H.S.</PublicationType></PublicationTypeList>"
24881835,"<PublicationTypeList>  <PublicationType UI=""D016428"">Journal Article</PublicationType>  <PublicationType UI=""D052061"">Research Support, N.I.H., Extramural</PublicationType>  <PublicationType UI=""D013485"">Research Support, Non-U.S. Gov't</PublicationType>  <PublicationType UI=""D013486"">Research Support, U.S. Gov't, Non-P.H.S.</PublicationType></PublicationTypeList>"
24883451,"<PublicationTypeList>  <PublicationType UI=""D016428"">Journal Article</PublicationType>  <PublicationType UI=""D052061"">Research Support, N.I.H., Extramural</PublicationType>  <PublicationType UI=""D013485"">Research Support, Non-U.S. Gov't</PublicationType>  <PublicationType UI=""D013486"">Research Support, U.S. Gov't, Non-P.H.S.</PublicationType></PublicationTypeList>"
24883452,"<PublicationTypeList>  <PublicationType UI=""D016428"">Journal Article</PublicationType>  <PublicationType UI=""D052061"">Research Support, N.I.H., Extramural</PublicationType>  <PublicationType UI=""D013485"">Research Support, Non-U.S. Gov't</PublicationType>  <PublicationType UI=""D013486"">Research Support, U.S. Gov't, Non-P.H.S.</PublicationType></PublicationTypeList>"
24883453,"<PublicationTypeList>  <PublicationType UI=""D016428"">Journal Article</PublicationType>  <PublicationType UI=""D052061"">Research Support, N.I.H., Extramural</PublicationType>  <PublicationType UI=""D013485"">Research Support, Non-U.S. Gov't</PublicationType>  <PublicationType UI=""D013486"">Research Support, U.S. Gov't, Non-P.H.S.</PublicationType></PublicationTypeList>"
24883455,"<PublicationTypeList>  <PublicationType UI=""D016428"">Journal Article</PublicationType>  <PublicationType UI=""D052061"">Research Support, N.I.H., Extramural</PublicationType>  <PublicationType UI=""D013485"">Research Support, Non-U.S. Gov't</PublicationType>  <PublicationType UI=""D013486"">Research Support, U.S. Gov't, Non-P.H.S.</PublicationType></PublicationTypeList>"
24901558,"<PublicationTypeList>  <PublicationType UI=""D016428"">Journal Article</PublicationType>  <PublicationType UI=""D052061"">Research Support, N.I.H., Extramural</PublicationType>  <PublicationType UI=""D013485"">Research Support, Non-U.S. Gov't</PublicationType>  <PublicationType UI=""D013486"">Research Support, U.S. Gov't, Non-P.H.S.</PublicationType></PublicationTypeList>"
24901562,"<PublicationTypeList>  <PublicationType UI=""D016428"">Journal Article</PublicationType>  <PublicationType UI=""D052061"">Research Support, N.I.H., Extramural</PublicationType>  <PublicationType UI=""D013485"">Research Support, Non-U.S. Gov't</PublicationType>  <PublicationType UI=""D013486"">Research Support, U.S. Gov't, Non-P.H.S.</PublicationType></PublicationTypeList>"
24901563,"<PublicationTypeList>  <PublicationType UI=""D016428"">Journal Article</PublicationType>  <PublicationType UI=""D052061"">Research Support, N.I.H., Extramural</PublicationType>  <PublicationType UI=""D013485"">Research Support, Non-U.S. Gov't</PublicationType>  <PublicationType UI=""D013486"">Research Support, U.S. Gov't, Non-P.H.S.</PublicationType></PublicationTypeList>"
24901564,"<PublicationTypeList>  <PublicationType UI=""D016428"">Journal Article</PublicationType>  <PublicationType UI=""D052061"">Research Support, N.I.H., Extramural</PublicationType>  <PublicationType UI=""D013485"">Research Support, Non-U.S. Gov't</PublicationType>  <PublicationType UI=""D013486"">Research Support, U.S. Gov't, Non-P.H.S.</PublicationType></PublicationTypeList>"
24901565,"<PublicationTypeList>  <PublicationType UI=""D016428"">Journal Article</PublicationType>  <PublicationType UI=""D052061"">Research Support, N.I.H., Extramural</PublicationType>  <PublicationType UI=""D013485"">Research Support, Non-U.S. Gov't</PublicationType>  <PublicationType UI=""D013486"">Research Support, U.S. Gov't, Non-P.H.S.</PublicationType></PublicationTypeList>"
24901566,"<PublicationTypeList>  <PublicationType UI=""D016428"">Journal Article</PublicationType>  <PublicationType UI=""D052061"">Research Support, N.I.H., Extramural</PublicationType>  <PublicationType UI=""D013485"">Research Support, Non-U.S. Gov't</PublicationType>  <PublicationType UI=""D013486"">Research Support, U.S. Gov't, Non-P.H.S.</PublicationType></PublicationTypeList>"
24901567,"<PublicationTypeList>  <PublicationType UI=""D016428"">Journal Article</PublicationType>  <PublicationType UI=""D052061"">Research Support, N.I.H., Extramural</PublicationType>  <PublicationType UI=""D013485"">Research Support, Non-U.S. Gov't</PublicationType>  <PublicationType UI=""D013486"">Research Support, U.S. Gov't, Non-P.H.S.</PublicationType></PublicationTypeList>"
24901568,"<PublicationTypeList>  <PublicationType UI=""D016428"">Journal Article</PublicationType>  <PublicationType UI=""D052061"">Research Support, N.I.H., Extramural</PublicationType>  <PublicationType UI=""D013485"">Research Support, Non-U.S. Gov't</PublicationType>  <PublicationType UI=""D013486"">Research Support, U.S. Gov't, Non-P.H.S.</PublicationType></PublicationTypeList>"
24905155,"<PublicationTypeList>  <PublicationType UI=""D016428"">Journal Article</PublicationType>  <PublicationType UI=""D052061"">Research Support, N.I.H., Extramural</PublicationType>  <PublicationType UI=""D013485"">Research Support, Non-U.S. Gov't</PublicationType>  <PublicationType UI=""D013486"">Research Support, U.S. Gov't, Non-P.H.S.</PublicationType></PublicationTypeList>"
24905156,"<PublicationTypeList>  <PublicationType UI=""D016428"">Journal Article</PublicationType>  <PublicationType UI=""D052061"">Research Support, N.I.H., Extramural</PublicationType>  <PublicationType UI=""D013485"">Research Support, Non-U.S. Gov't</PublicationType>  <PublicationType UI=""D013486"">Research Support, U.S. Gov't, Non-P.H.S.</PublicationType></PublicationTypeList>"
24905157,"<PublicationTypeList>  <PublicationType UI=""D016428"">Journal Article</PublicationType>  <PublicationType UI=""D052061"">Research Support, N.I.H., Extramural</PublicationType>  <PublicationType UI=""D013485"">Research Support, Non-U.S. Gov't</PublicationType>  <PublicationType UI=""D013486"">Research Support, U.S. Gov't, Non-P.H.S.</PublicationType></PublicationTypeList>"
24905158,"<PublicationTypeList>  <PublicationType UI=""D016428"">Journal Article</PublicationType>  <PublicationType UI=""D052061"">Research Support, N.I.H., Extramural</PublicationType>  <PublicationType UI=""D013485"">Research Support, Non-U.S. Gov't</PublicationType>  <PublicationType UI=""D013486"">Research Support, U.S. Gov't, Non-P.H.S.</PublicationType></PublicationTypeList>"
24905159,"<PublicationTypeList>  <PublicationType UI=""D016428"">Journal Article</PublicationType>  <PublicationType UI=""D052061"">Research Support, N.I.H., Extramural</PublicationType>  <PublicationType UI=""D013485"">Research Support, Non-U.S. Gov't</PublicationType>  <PublicationType UI=""D013486"">Research Support, U.S. Gov't, Non-P.H.S.</PublicationType></PublicationTypeList>"
24905160,"<PublicationTypeList>  <PublicationType UI=""D016428"">Journal Article</PublicationType>  <PublicationType UI=""D052061"">Research Support, N.I.H., Extramural</PublicationType>  <PublicationType UI=""D013485"">Research Support, Non-U.S. Gov't</PublicationType>  <PublicationType UI=""D013486"">Research Support, U.S. Gov't, Non-P.H.S.</PublicationType></PublicationTypeList>"
24905161,"<PublicationTypeList>  <PublicationType UI=""D016428"">Journal Article</PublicationType>  <PublicationType UI=""D052061"">Research Support, N.I.H., Extramural</PublicationType>  <PublicationType UI=""D013485"">Research Support, Non-U.S. Gov't</PublicationType>  <PublicationType UI=""D013486"">Research Support, U.S. Gov't, Non-P.H.S.</PublicationType></PublicationTypeList>"
24905162,"<PublicationTypeList>  <PublicationType UI=""D016428"">Journal Article</PublicationType>  <PublicationType UI=""D052061"">Research Support, N.I.H., Extramural</PublicationType>  <PublicationType UI=""D013485"">Research Support, Non-U.S. Gov't</PublicationType>  <PublicationType UI=""D013486"">Research Support, U.S. Gov't, Non-P.H.S.</PublicationType></PublicationTypeList>"
24905163,"<PublicationTypeList>  <PublicationType UI=""D016428"">Journal Article</PublicationType>  <PublicationType UI=""D052061"">Research Support, N.I.H., Extramural</PublicationType>  <PublicationType UI=""D013485"">Research Support, Non-U.S. Gov't</PublicationType>  <PublicationType UI=""D013486"">Research Support, U.S. Gov't, Non-P.H.S.</PublicationType></PublicationTypeList>"
24905164,"<PublicationTypeList>  <PublicationType UI=""D016428"">Journal Article</PublicationType>  <PublicationType UI=""D052061"">Research Support, N.I.H., Extramural</PublicationType>  <PublicationType UI=""D013485"">Research Support, Non-U.S. Gov't</PublicationType>  <PublicationType UI=""D013486"">Research Support, U.S. Gov't, Non-P.H.S.</PublicationType></PublicationTypeList>"
24905165,"<PublicationTypeList>  <PublicationType UI=""D016428"">Journal Article</PublicationType>  <PublicationType UI=""D052061"">Research Support, N.I.H., Extramural</PublicationType>  <PublicationType UI=""D013485"">Research Support, Non-U.S. Gov't</PublicationType>  <PublicationType UI=""D013486"">Research Support, U.S. Gov't, Non-P.H.S.</PublicationType></PublicationTypeList>"
24905166,"<PublicationTypeList>  <PublicationType UI=""D016428"">Journal Article</PublicationType>  <PublicationType UI=""D052061"">Research Support, N.I.H., Extramural</PublicationType>  <PublicationType UI=""D013485"">Research Support, Non-U.S. Gov't</PublicationType>  <PublicationType UI=""D013486"">Research Support, U.S. Gov't, Non-P.H.S.</PublicationType></PublicationTypeList>"
24905167,"<PublicationTypeList>  <PublicationType UI=""D016428"">Journal Article</PublicationType>  <PublicationType UI=""D052061"">Research Support, N.I.H., Extramural</PublicationType>  <PublicationType UI=""D013485"">Research Support, Non-U.S. Gov't</PublicationType>  <PublicationType UI=""D013486"">Research Support, U.S. Gov't, Non-P.H.S.</PublicationType></PublicationTypeList>"
24905168,"<PublicationTypeList>  <PublicationType UI=""D016428"">Journal Article</PublicationType>  <PublicationType UI=""D052061"">Research Support, N.I.H., Extramural</PublicationType>  <PublicationType UI=""D013485"">Research Support, Non-U.S. Gov't</PublicationType>  <PublicationType UI=""D013486"">Research Support, U.S. Gov't, Non-P.H.S.</PublicationType></PublicationTypeList>"
24905169,"<PublicationTypeList>  <PublicationType UI=""D016428"">Journal Article</PublicationType>  <PublicationType UI=""D052061"">Research Support, N.I.H., Extramural</PublicationType>  <PublicationType UI=""D013485"">Research Support, Non-U.S. Gov't</PublicationType>  <PublicationType UI=""D013486"">Research Support, U.S. Gov't, Non-P.H.S.</PublicationType></PublicationTypeList>"
24905170,"<PublicationTypeList>  <PublicationType UI=""D016428"">Journal Article</PublicationType>  <PublicationType UI=""D052061"">Research Support, N.I.H., Extramural</PublicationType>  <PublicationType UI=""D013485"">Research Support, Non-U.S. Gov't</PublicationType>  <PublicationType UI=""D013486"">Research Support, U.S. Gov't, Non-P.H.S.</PublicationType></PublicationTypeList>"
24907900,"<PublicationTypeList>  <PublicationType UI=""D016428"">Journal Article</PublicationType>  <PublicationType UI=""D052061"">Research Support, N.I.H., Extramural</PublicationType>  <PublicationType UI=""D013485"">Research Support, Non-U.S. Gov't</PublicationType>  <PublicationType UI=""D013486"">Research Support, U.S. Gov't, Non-P.H.S.</PublicationType></PublicationTypeList>"
24907901,"<PublicationTypeList>  <PublicationType UI=""D016428"">Journal Article</PublicationType>  <PublicationType UI=""D052061"">Research Support, N.I.H., Extramural</PublicationType>  <PublicationType UI=""D013485"">Research Support, Non-U.S. Gov't</PublicationType>  <PublicationType UI=""D013486"">Research Support, U.S. Gov't, Non-P.H.S.</PublicationType></PublicationTypeList>"
24908101,"<PublicationTypeList>  <PublicationType UI=""D016428"">Journal Article</PublicationType>  <PublicationType UI=""D052061"">Research Support, N.I.H., Extramural</PublicationType>  <PublicationType UI=""D013485"">Research Support, Non-U.S. Gov't</PublicationType>  <PublicationType UI=""D013486"">Research Support, U.S. Gov't, Non-P.H.S.</PublicationType></PublicationTypeList>"
24908102,"<PublicationTypeList>  <PublicationType UI=""D016428"">Journal Article</PublicationType>  <PublicationType UI=""D052061"">Research Support, N.I.H., Extramural</PublicationType>  <PublicationType UI=""D013485"">Research Support, Non-U.S. Gov't</PublicationType>  <PublicationType UI=""D013486"">Research Support, U.S. Gov't, Non-P.H.S.</PublicationType></PublicationTypeList>"
24908103,"<PublicationTypeList>  <PublicationType UI=""D016428"">Journal Article</PublicationType>  <PublicationType UI=""D052061"">Research Support, N.I.H., Extramural</PublicationType>  <PublicationType UI=""D013485"">Research Support, Non-U.S. Gov't</PublicationType>  <PublicationType UI=""D013486"">Research Support, U.S. Gov't, Non-P.H.S.</PublicationType></PublicationTypeList>"
24908248,"<PublicationTypeList>  <PublicationType UI=""D016428"">Journal Article</PublicationType>  <PublicationType UI=""D052061"">Research Support, N.I.H., Extramural</PublicationType>  <PublicationType UI=""D013485"">Research Support, Non-U.S. Gov't</PublicationType>  <PublicationType UI=""D013486"">Research Support, U.S. Gov't, Non-P.H.S.</PublicationType></PublicationTypeList>"
24908249,"<PublicationTypeList>  <PublicationType UI=""D016428"">Journal Article</PublicationType>  <PublicationType UI=""D052061"">Research Support, N.I.H., Extramural</PublicationType>  <PublicationType UI=""D013485"">Research Support, Non-U.S. Gov't</PublicationType>  <PublicationType UI=""D013486"">Research Support, U.S. Gov't, Non-P.H.S.</PublicationType></PublicationTypeList>"
24908250,"<PublicationTypeList>  <PublicationType UI=""D016428"">Journal Article</PublicationType>  <PublicationType UI=""D052061"">Research Support, N.I.H., Extramural</PublicationType>  <PublicationType UI=""D013485"">Research Support, Non-U.S. Gov't</PublicationType>  <PublicationType UI=""D013486"">Research Support, U.S. Gov't, Non-P.H.S.</PublicationType></PublicationTypeList>"
24908251,"<PublicationTypeList>  <PublicationType UI=""D016428"">Journal Article</PublicationType>  <PublicationType UI=""D052061"">Research Support, N.I.H., Extramural</PublicationType>  <PublicationType UI=""D013485"">Research Support, Non-U.S. Gov't</PublicationType>  <PublicationType UI=""D013486"">Research Support, U.S. Gov't, Non-P.H.S.</PublicationType></PublicationTypeList>"
24908277,"<PublicationTypeList>  <PublicationType UI=""D016428"">Journal Article</PublicationType>  <PublicationType UI=""D052061"">Research Support, N.I.H., Extramural</PublicationType>  <PublicationType UI=""D013485"">Research Support, Non-U.S. Gov't</PublicationType>  <PublicationType UI=""D013486"">Research Support, U.S. Gov't, Non-P.H.S.</PublicationType></PublicationTypeList>"
24908477,"<PublicationTypeList>  <PublicationType UI=""D016428"">Journal Article</PublicationType>  <PublicationType UI=""D052061"">Research Support, N.I.H., Extramural</PublicationType>  <PublicationType UI=""D013485"">Research Support, Non-U.S. Gov't</PublicationType>  <PublicationType UI=""D013486"">Research Support, U.S. Gov't, Non-P.H.S.</PublicationType></PublicationTypeList>"
24908478,"<PublicationTypeList>  <PublicationType UI=""D016428"">Journal Article</PublicationType>  <PublicationType UI=""D052061"">Research Support, N.I.H., Extramural</PublicationType>  <PublicationType UI=""D013485"">Research Support, Non-U.S. Gov't</PublicationType>  <PublicationType UI=""D013486"">Research Support, U.S. Gov't, Non-P.H.S.</PublicationType></PublicationTypeList>"
24908479,"<PublicationTypeList>  <PublicationType UI=""D016428"">Journal Article</PublicationType>  <PublicationType UI=""D052061"">Research Support, N.I.H., Extramural</PublicationType>  <PublicationType UI=""D013485"">Research Support, Non-U.S. Gov't</PublicationType>  <PublicationType UI=""D013486"">Research Support, U.S. Gov't, Non-P.H.S.</PublicationType></PublicationTypeList>"
24908480,"<PublicationTypeList>  <PublicationType UI=""D016428"">Journal Article</PublicationType>  <PublicationType UI=""D052061"">Research Support, N.I.H., Extramural</PublicationType>  <PublicationType UI=""D013485"">Research Support, Non-U.S. Gov't</PublicationType>  <PublicationType UI=""D013486"">Research Support, U.S. Gov't, Non-P.H.S.</PublicationType></PublicationTypeList>"
24908481,"<PublicationTypeList>  <PublicationType UI=""D016428"">Journal Article</PublicationType>  <PublicationType UI=""D052061"">Research Support, N.I.H., Extramural</PublicationType>  <PublicationType UI=""D013485"">Research Support, Non-U.S. Gov't</PublicationType>  <PublicationType UI=""D013486"">Research Support, U.S. Gov't, Non-P.H.S.</PublicationType></PublicationTypeList>"
24908482,"<PublicationTypeList>  <PublicationType UI=""D016428"">Journal Article</PublicationType>  <PublicationType UI=""D052061"">Research Support, N.I.H., Extramural</PublicationType>  <PublicationType UI=""D013485"">Research Support, Non-U.S. Gov't</PublicationType>  <PublicationType UI=""D013486"">Research Support, U.S. Gov't, Non-P.H.S.</PublicationType></PublicationTypeList>"
24908483,"<PublicationTypeList>  <PublicationType UI=""D016428"">Journal Article</PublicationType>  <PublicationType UI=""D052061"">Research Support, N.I.H., Extramural</PublicationType>  <PublicationType UI=""D013485"">Research Support, Non-U.S. Gov't</PublicationType>  <PublicationType UI=""D013486"">Research Support, U.S. Gov't, Non-P.H.S.</PublicationType></PublicationTypeList>"
24908484,"<PublicationTypeList>  <PublicationType UI=""D016428"">Journal Article</PublicationType>  <PublicationType UI=""D052061"">Research Support, N.I.H., Extramural</PublicationType>  <PublicationType UI=""D013485"">Research Support, Non-U.S. Gov't</PublicationType>  <PublicationType UI=""D013486"">Research Support, U.S. Gov't, Non-P.H.S.</PublicationType></PublicationTypeList>"
24908485,"<PublicationTypeList>  <PublicationType UI=""D016428"">Journal Article</PublicationType>  <PublicationType UI=""D052061"">Research Support, N.I.H., Extramural</PublicationType>  <PublicationType UI=""D013485"">Research Support, Non-U.S. Gov't</PublicationType>  <PublicationType UI=""D013486"">Research Support, U.S. Gov't, Non-P.H.S.</PublicationType></PublicationTypeList>"
24908486,"<PublicationTypeList>  <PublicationType UI=""D016428"">Journal Article</PublicationType>  <PublicationType UI=""D052061"">Research Support, N.I.H., Extramural</PublicationType>  <PublicationType UI=""D013485"">Research Support, Non-U.S. Gov't</PublicationType>  <PublicationType UI=""D013486"">Research Support, U.S. Gov't, Non-P.H.S.</PublicationType></PublicationTypeList>"
24908487,"<PublicationTypeList>  <PublicationType UI=""D016428"">Journal Article</PublicationType>  <PublicationType UI=""D052061"">Research Support, N.I.H., Extramural</PublicationType>  <PublicationType UI=""D013485"">Research Support, Non-U.S. Gov't</PublicationType>  <PublicationType UI=""D013486"">Research Support, U.S. Gov't, Non-P.H.S.</PublicationType></PublicationTypeList>"
24908488,"<PublicationTypeList>  <PublicationType UI=""D016428"">Journal Article</PublicationType>  <PublicationType UI=""D052061"">Research Support, N.I.H., Extramural</PublicationType>  <PublicationType UI=""D013485"">Research Support, Non-U.S. Gov't</PublicationType>  <PublicationType UI=""D013486"">Research Support, U.S. Gov't, Non-P.H.S.</PublicationType></PublicationTypeList>"
24908489,"<PublicationTypeList>  <PublicationType UI=""D016428"">Journal Article</PublicationType>  <PublicationType UI=""D052061"">Research Support, N.I.H., Extramural</PublicationType>  <PublicationType UI=""D013485"">Research Support, Non-U.S. Gov't</PublicationType>  <PublicationType UI=""D013486"">Research Support, U.S. Gov't, Non-P.H.S.</PublicationType></PublicationTypeList>"
24908490,"<PublicationTypeList>  <PublicationType UI=""D016428"">Journal Article</PublicationType>  <PublicationType UI=""D052061"">Research Support, N.I.H., Extramural</PublicationType>  <PublicationType UI=""D013485"">Research Support, Non-U.S. Gov't</PublicationType>  <PublicationType UI=""D013486"">Research Support, U.S. Gov't, Non-P.H.S.</PublicationType></PublicationTypeList>"
24908491,"<PublicationTypeList>  <PublicationType UI=""D016428"">Journal Article</PublicationType>  <PublicationType UI=""D052061"">Research Support, N.I.H., Extramural</PublicationType>  <PublicationType UI=""D013485"">Research Support, Non-U.S. Gov't</PublicationType>  <PublicationType UI=""D013486"">Research Support, U.S. Gov't, Non-P.H.S.</PublicationType></PublicationTypeList>"
24908492,"<PublicationTypeList>  <PublicationType UI=""D016428"">Journal Article</PublicationType>  <PublicationType UI=""D052061"">Research Support, N.I.H., Extramural</PublicationType>  <PublicationType UI=""D013485"">Research Support, Non-U.S. Gov't</PublicationType>  <PublicationType UI=""D013486"">Research Support, U.S. Gov't, Non-P.H.S.</PublicationType></PublicationTypeList>"
24908493,"<PublicationTypeList>  <PublicationType UI=""D016428"">Journal Article</PublicationType>  <PublicationType UI=""D052061"">Research Support, N.I.H., Extramural</PublicationType>  <PublicationType UI=""D013485"">Research Support, Non-U.S. Gov't</PublicationType>  <PublicationType UI=""D013486"">Research Support, U.S. Gov't, Non-P.H.S.</PublicationType></PublicationTypeList>"
24908571,"<PublicationTypeList>  <PublicationType UI=""D016428"">Journal Article</PublicationType>  <PublicationType UI=""D052061"">Research Support, N.I.H., Extramural</PublicationType>  <PublicationType UI=""D013485"">Research Support, Non-U.S. Gov't</PublicationType>  <PublicationType UI=""D013486"">Research Support, U.S. Gov't, Non-P.H.S.</PublicationType></PublicationTypeList>"
24910077,"<PublicationTypeList>  <PublicationType UI=""D016428"">Journal Article</PublicationType>  <PublicationType UI=""D052061"">Research Support, N.I.H., Extramural</PublicationType>  <PublicationType UI=""D013485"">Research Support, Non-U.S. Gov't</PublicationType>  <PublicationType UI=""D013486"">Research Support, U.S. Gov't, Non-P.H.S.</PublicationType></PublicationTypeList>"
24910078,"<PublicationTypeList>  <PublicationType UI=""D016428"">Journal Article</PublicationType>  <PublicationType UI=""D052061"">Research Support, N.I.H., Extramural</PublicationType>  <PublicationType UI=""D013485"">Research Support, Non-U.S. Gov't</PublicationType>  <PublicationType UI=""D013486"">Research Support, U.S. Gov't, Non-P.H.S.</PublicationType></PublicationTypeList>"
24911486,"<PublicationTypeList>  <PublicationType UI=""D016428"">Journal Article</PublicationType>  <PublicationType UI=""D052061"">Research Support, N.I.H., Extramural</PublicationType>  <PublicationType UI=""D013485"">Research Support, Non-U.S. Gov't</PublicationType>  <PublicationType UI=""D013486"">Research Support, U.S. Gov't, Non-P.H.S.</PublicationType></PublicationTypeList>"
24911487,"<PublicationTypeList>  <PublicationType UI=""D016428"">Journal Article</PublicationType>  <PublicationType UI=""D052061"">Research Support, N.I.H., Extramural</PublicationType>  <PublicationType UI=""D013485"">Research Support, Non-U.S. Gov't</PublicationType>  <PublicationType UI=""D013486"">Research Support, U.S. Gov't, Non-P.H.S.</PublicationType></PublicationTypeList>"
24911488,"<PublicationTypeList>  <PublicationType UI=""D016428"">Journal Article</PublicationType>  <PublicationType UI=""D052061"">Research Support, N.I.H., Extramural</PublicationType>  <PublicationType UI=""D013485"">Research Support, Non-U.S. Gov't</PublicationType>  <PublicationType UI=""D013486"">Research Support, U.S. Gov't, Non-P.H.S.</PublicationType></PublicationTypeList>"
24911489,"<PublicationTypeList>  <PublicationType UI=""D016428"">Journal Article</PublicationType>  <PublicationType UI=""D052061"">Research Support, N.I.H., Extramural</PublicationType>  <PublicationType UI=""D013485"">Research Support, Non-U.S. Gov't</PublicationType>  <PublicationType UI=""D013486"">Research Support, U.S. Gov't, Non-P.H.S.</PublicationType></PublicationTypeList>"
24911493,"<PublicationTypeList>  <PublicationType UI=""D016428"">Journal Article</PublicationType>  <PublicationType UI=""D052061"">Research Support, N.I.H., Extramural</PublicationType>  <PublicationType UI=""D013485"">Research Support, Non-U.S. Gov't</PublicationType>  <PublicationType UI=""D013486"">Research Support, U.S. Gov't, Non-P.H.S.</PublicationType></PublicationTypeList>"
24911494,"<PublicationTypeList>  <PublicationType UI=""D016428"">Journal Article</PublicationType>  <PublicationType UI=""D052061"">Research Support, N.I.H., Extramural</PublicationType>  <PublicationType UI=""D013485"">Research Support, Non-U.S. Gov't</PublicationType>  <PublicationType UI=""D013486"">Research Support, U.S. Gov't, Non-P.H.S.</PublicationType></PublicationTypeList>"
24911496,"<PublicationTypeList>  <PublicationType UI=""D016428"">Journal Article</PublicationType>  <PublicationType UI=""D052061"">Research Support, N.I.H., Extramural</PublicationType>  <PublicationType UI=""D013485"">Research Support, Non-U.S. Gov't</PublicationType>  <PublicationType UI=""D013486"">Research Support, U.S. Gov't, Non-P.H.S.</PublicationType></PublicationTypeList>"
24911497,"<PublicationTypeList>  <PublicationType UI=""D016428"">Journal Article</PublicationType>  <PublicationType UI=""D052061"">Research Support, N.I.H., Extramural</PublicationType>  <PublicationType UI=""D013485"">Research Support, Non-U.S. Gov't</PublicationType>  <PublicationType UI=""D013486"">Research Support, U.S. Gov't, Non-P.H.S.</PublicationType></PublicationTypeList>"
24911498,"<PublicationTypeList>  <PublicationType UI=""D016428"">Journal Article</PublicationType>  <PublicationType UI=""D052061"">Research Support, N.I.H., Extramural</PublicationType>  <PublicationType UI=""D013485"">Research Support, Non-U.S. Gov't</PublicationType>  <PublicationType UI=""D013486"">Research Support, U.S. Gov't, Non-P.H.S.</PublicationType></PublicationTypeList>"
24911500,"<PublicationTypeList>  <PublicationType UI=""D016428"">Journal Article</PublicationType>  <PublicationType UI=""D052061"">Research Support, N.I.H., Extramural</PublicationType>  <PublicationType UI=""D013485"">Research Support, Non-U.S. Gov't</PublicationType>  <PublicationType UI=""D013486"">Research Support, U.S. Gov't, Non-P.H.S.</PublicationType></PublicationTypeList>"
24911506,"<PublicationTypeList>  <PublicationType UI=""D016428"">Journal Article</PublicationType>  <PublicationType UI=""D052061"">Research Support, N.I.H., Extramural</PublicationType>  <PublicationType UI=""D013485"">Research Support, Non-U.S. Gov't</PublicationType>  <PublicationType UI=""D013486"">Research Support, U.S. Gov't, Non-P.H.S.</PublicationType></PublicationTypeList>"
